2934
2994
2933
2996
2995
2935
3054
2994
2995
3055
3053
3112
2991
2996
2935
2991
3050
2996
3112
3165
3113
3262
3212
3216
3265
3262
3216
3309
3308
3262
3213
3211
3261
3165
3213
3215
3162
3211
3213
3216
3212
3166
3162
3213
3165
3262
3308
3261
3263
3215
3213
3212
3161
3166
3053
3050
3108
3055
2995
2996
2996
3050
3053
2598
2669
2668
2243
2314
2249
2163
2240
2241
2314
2320
2249
2333
2314
2312
2333
2389
2314
2668
2735
2665
2597
2668
2665
2669
2738
2737
2819
2808
2753
2744
2808
2811
2741
2676
2672
2601
2615
2672
2536
2601
2606
2532
2546
2601
2734
2733
2670
2736
2734
2667
2665
2736
2666
2735
2804
2736
2803
2804
2867
2546
2600
2615
2460
2477
2405
2530
2459
2529
2546
2530
2600
2460
2459
2530
2387
2460
2405
2387
2313
2388
2531
2599
2600
2524
2529
2459
2524
2526
2594
2670
2671
2599
2664
2670
2599
2733
2740
2670
2546
2477
2530
2736
2665
2735
2803
2867
2868
2802
2803
2868
2736
2804
2803
2456
2459
2388
2594
2529
2524
2596
2594
2526
2664
2599
2594
2530
2477
2460
2456
2524
2459
2385
2456
2384
2455
2526
2456
2596
2526
2527
2595
2596
2527
2666
2664
2596
2531
2600
2530
2529
2531
2530
2529
2599
2531
2596
2665
2666
2596
2595
2665
2388
2460
2387
2384
2388
2313
2459
2460
2388
2527
2457
2525
2525
2458
2528
2671
2684
2615
2802
2866
2801
2803
2802
2734
2868
2866
2802
2735
2737
2804
2532
2601
2536
2819
2818
2882
2945
2883
2882
2873
2808
2819
2807
2866
2872
2740
2807
2752
2801
2733
2802
2740
2801
2807
2740
2733
2801
2684
2740
2752
2670
2664
2734
2932
2869
2933
2932
2992
2931
2869
2932
2867
2993
2992
2932
2994
2993
2933
2994
3052
2993
2807
2801
2866
2667
2664
2666
2736
2667
2666
2734
2664
2667
2802
2733
2734
2931
2866
2868
2872
2818
2807
2740
2671
2670
2804
2869
2867
2738
2806
2805
2807
2818
2752
3051
2993
3052
2993
2932
2933
2805
2806
2870
2804
2805
2869
2804
2737
2805
2992
3051
2997
2872
2931
2936
2868
2867
2932
2934
2871
2935
2869
2870
2933
2869
2805
2870
3001
2998
3057
2872
2936
2882
3163
3110
3111
2883
2946
2937
2819
2883
2873
2819
2882
2883
2527
2525
2595
2599
2529
2594
2455
2385
2383
2457
2455
2386
2454
2457
2386
2527
2526
2457
2526
2524
2456
2528
2598
2597
2803
2734
2736
2739
2738
2669
2935
2930
2991
2934
2870
2871
2994
2934
2995
2933
2870
2934
2871
2930
2935
2800
2806
2739
3265
3309
3262
2597
2598
2668
2595
2597
2665
2595
2528
2597
3600
3590
3591
3588
3599
3591
3602
3601
3589
3609
3602
3600
3611
3601
3602
3605
3601
3610
3605
3603
3604
3589
3580
3577
3600
3602
3590
3601
3604
3593
3562
3546
3542
3550
3562
3542
3568
3566
3562
3562
3566
3546
3606
3594
3595
3594
3583
3595
3134
3133
3077
3236
3186
3187
3233
3282
3281
3047
2988
2987
3152
3157
3105
3045
2988
3047
3103
3045
3104
3103
3044
3045
3157
3156
3104
3043
3042
2982
2983
3043
2982
3102
3101
3043
3156
3207
3155
3104
3156
3103
3157
3204
3208
3101
3042
3043
3021
3079
3081
2897
2960
2961
2960
3019
3021
3022
3081
3080
3022
2961
3021
3368
3403
3367
3405
3404
3369
3441
3405
3406
3440
3404
3405
3440
3439
3404
3298
3339
3299
3251
3298
3252
3203
3151
3202
3204
3157
3152
3253
3204
3252
3253
3208
3204
3105
3099
3152
3233
3232
3183
3236
3233
3186
3281
3232
3233
3327
3281
3282
3280
3232
3281
3306
3280
3326
3231
3201
3182
3280
3231
3232
3260
3250
3231
3150
3182
3201
3150
3130
3182
3307
3347
3348
3307
3306
3347
3378
3338
3348
3297
3260
3307
3251
3296
3298
3232
3182
3183
3186
3233
3183
3280
3260
3231
3251
3201
3250
3251
3203
3202
3326
3346
3306
3346
3347
3306
3422
3387
3385
3460
3458
3493
3424
3460
3459
3425
3458
3460
3459
3423
3424
3492
3459
3494
3492
3457
3459
3371
3406
3405
3331
3371
3369
3330
3370
3371
3516
3543
3532
3541
3540
3515
3541
3561
3540
3189
3137
3136
3008
3065
3007
3174
3122
3123
3106
3065
3122
3485
3514
3484
3530
3515
3502
3530
3541
3515
3433
3396
3432
3467
3432
3466
3431
3429
3462
3393
3431
3430
3393
3394
3431
3436
3433
3468
3438
3436
3471
3399
3433
3436
3468
3467
3500
3504
3471
3501
3399
3396
3433
3466
3498
3467
3500
3498
3527
3412
3411
3378
3446
3412
3421
3445
3411
3412
3559
3543
3563
3576
3559
3563
3533
3532
3559
3441
3406
3418
3452
3441
3418
3440
3405
3441
3439
3440
3473
3439
3403
3404
3528
3500
3527
3555
3528
3527
3555
3529
3528
3528
3529
3501
3571
3572
3554
3558
3575
3574
3572
3586
3573
3608
3597
3607
3575
3573
3587
3585
3596
3597
3531
3503
3504
3487
3473
3506
3488
3487
3517
3488
3456
3454
3367
3403
3385
3328
3327
3282
3328
3368
3327
3236
3285
3282
3331
3330
3371
3404
3403
3368
3420
3403
3439
3367
3327
3368
3560
3559
3576
3530
3531
3558
3506
3533
3517
3505
3516
3532
3473
3474
3506
3453
3484
3486
3543
3559
3532
3515
3540
3514
3561
3563
3543
3471
3472
3438
3529
3504
3501
3503
3472
3504
3578
3590
3576
3561
3574
3563
3591
3590
3578
3588
3574
3575
3588
3587
3599
3420
3456
3422
3403
3420
3385
3454
3487
3488
3439
3454
3420
3439
3473
3454
3441
3474
3440
3564
3577
3580
3548
3545
3565
3544
3560
3564
3564
3560
3577
3565
3545
3564
3517
3533
3544
3533
3559
3560
3516
3540
3543
3506
3505
3532
3514
3540
3516
3576
3577
3560
3583
3594
3581
3568
3583
3581
3566
3568
3581
3550
3569
3568
3582
3595
3583
3549
3521
3548
3604
3601
3605
3595
3592
3603
3593
3579
3580
3603
3592
3604
3595
3582
3592
3567
3565
3579
3569
3567
3582
3583
3569
3582
3550
3549
3569
3550
3523
3549
3592
3593
3604
3553
3552
3526
3570
3553
3551
3571
3552
3553
3584
3571
3570
3572
3556
3555
3585
3572
3571
3585
3586
3572
3597
3586
3585
3607
3597
3596
3608
3612
3609
3598
3608
3599
3607
3612
3608
3499
3498
3496
3527
3499
3525
3527
3498
3499
3574
3578
3563
3573
3586
3587
3557
3556
3575
3556
3572
3573
3591
3578
3588
3500
3467
3498
3554
3555
3527
3471
3504
3472
3402
3436
3438
3468
3501
3471
3436
3468
3471
3433
3467
3468
3528
3501
3500
3531
3530
3503
3529
3531
3504
3557
3575
3558
3529
3557
3531
3529
3556
3557
3595
3603
3606
3579
3592
3582
3593
3580
3589
3601
3593
3589
3592
3579
3593
3599
3600
3591
3598
3599
3587
3586
3598
3587
3586
3597
3598
3609
3600
3599
3613
3609
3612
3611
3602
3609
3610
3611
3613
3602
3589
3590
3563
3578
3576
3601
3611
3610
3546
3566
3547
3537
3520
3547
3544
3533
3560
3491
3456
3488
3493
3491
3521
3458
3456
3491
3506
3532
3533
3487
3506
3517
3452
3418
3453
3486
3452
3453
3474
3441
3452
3505
3474
3486
3516
3505
3486
3506
3474
3505
3473
3440
3474
3590
3577
3576
3491
3493
3458
3491
3488
3518
3422
3456
3458
3422
3385
3420
3549
3567
3569
3521
3549
3523
3548
3567
3549
3545
3544
3564
3521
3545
3548
3518
3544
3545
3491
3518
3521
3488
3517
3518
3565
3567
3548
3580
3565
3564
3580
3579
3565
3522
3492
3494
3568
3562
3550
3519
3492
3522
3460
3424
3425
3412
3386
3421
3459
3460
3494
3386
3388
3424
3425
3422
3458
3388
3425
3424
3387
3422
3425
3423
3459
3457
3523
3494
3493
3457
3455
3421
3423
3457
3421
3492
3489
3457
3489
3490
3455
2353
2280
2354
2136
2063
2141
2212
2136
2141
2057
1990
2063
2136
2057
2063
2129
2056
2057
1837
1912
1913
2563
2495
2564
2571
2563
2632
2501
2494
2563
2430
2494
2501
2504
2503
2435
2431
2432
2502
2424
2431
2495
2424
2352
2359
2150
2073
2149
2294
2225
2228
2069
2146
2068
2000
2070
1997
2147
2146
2069
2000
2073
2070
2225
2291
2221
2563
2564
2632
2772
2776
2837
2770
2705
2772
2706
2770
2773
2706
2639
2703
2708
2776
2772
2701
2707
2640
2772
2837
2773
2773
2836
2771
2640
2708
2705
2837
2901
2836
2705
2708
2772
2840
2900
2837
2571
2570
2501
2498
2426
2428
2354
2427
2353
2281
2283
2355
2498
2427
2426
2282
2210
2211
2140
2139
2215
2061
2060
2140
1989
2061
2062
1989
1988
2061
2563
2571
2501
2354
2355
2426
2210
2282
2280
2282
2355
2354
2209
2210
2280
2569
2500
2570
2140
2060
2139
2216
2140
2215
2062
2061
2140
2499
2569
2568
2498
2499
2568
2428
2356
2429
1987
2060
1988
1692
1676
1619
1765
1826
1750
1753
1678
1752
1826
1901
1828
1750
1826
1752
1765
1767
1841
1757
1682
1753
2213
2214
2138
2357
2285
2284
2216
2286
2283
2214
2285
2215
2138
2214
2139
2284
2285
2214
2213
2284
2214
2279
2352
2351
2357
2358
2285
2703
2636
2637
2770
2703
2705
2770
2706
2703
2706
2771
2704
2639
2706
2638
2570
2639
2638
2571
2636
2639
2773
2771
2706
2635
2568
2569
2639
2570
2571
2702
2638
2704
2702
2635
2638
2638
2635
2569
2428
2426
2355
2283
2356
2355
2429
2500
2499
2638
2569
2570
2499
2498
2428
2775
2776
2708
2640
2707
2708
2838
2902
2839
2963
2902
2905
2839
2840
2776
2963
2903
2902
2963
2904
2903
2776
2840
2837
2838
2841
2902
2838
2777
2841
2839
2775
2838
2903
2839
2902
2776
2775
2839
2707
2701
2709
2775
2707
2774
2775
2708
2707
2836
2773
2837
2837
2900
2901
2774
2777
2838
2904
2900
2840
2709
2710
2777
2636
2703
2639
2706
2704
2638
3372
3332
3334
3293
3247
3248
3294
3293
3248
3291
3246
3247
3332
3291
3293
3332
3292
3291
3409
3374
3376
3410
3409
3376
3442
3407
3409
3408
3407
3442
3408
3373
3407
3335
3374
3334
3290
3287
3246
3442
3475
3443
3512
3539
3513
3483
3512
3513
3509
3508
3534
3482
3509
3512
3480
3508
3509
3479
3455
3481
3508
3479
3481
3446
3455
3479
3508
3478
3479
3337
3338
3377
3296
3337
3298
3296
3297
3337
3387
3425
3388
3297
3338
3337
3260
3297
3296
3307
3338
3297
3386
3378
3348
3388
3386
3348
3423
3421
3386
3386
3424
3423
3347
3388
3348
3347
3387
3388
3455
3446
3421
3445
3413
3411
3480
3447
3478
3377
3339
3337
3411
3377
3378
3411
3379
3377
3386
3412
3378
3413
3380
3379
3538
3539
3512
3510
3481
3490
3534
3510
3536
3534
3508
3510
3447
3445
3478
3448
3447
3480
3414
3413
3447
3534
3536
3538
3478
3446
3479
3480
3478
3508
3445
3446
3478
3510
3511
3535
3455
3490
3481
3489
3519
3490
3510
3508
3481
3512
3534
3538
3512
3509
3534
3511
3490
3520
3537
3511
3520
3535
3536
3510
3454
3456
3420
3473
3487
3454
3517
3544
3518
3494
3460
3493
3412
3446
3445
3448
3414
3447
3102
3154
3101
3568
3569
3583
3519
3542
3546
3547
3520
3546
3522
3494
3523
3550
3522
3523
3542
3519
3522
3489
3492
3519
3489
3455
3457
3589
3577
3590
3582
3567
3579
3521
3518
3545
3523
3493
3521
3522
3550
3542
3520
3519
3546
3535
3511
3537
3490
3519
3520
3511
3510
3490
3483
3482
3512
3507
3483
3513
3475
3476
3443
3409
3444
3442
3477
3507
3476
3444
3477
3475
3449
3483
3477
3149
3200
3192
3141
3149
3192
3153
3200
3149
3154
3153
3101
3205
3254
3249
3154
3205
3153
3154
3206
3205
3148
3147
3198
3100
3042
3101
3153
3100
3101
3141
3094
3100
3147
3094
3146
3041
3036
2981
3042
3041
2981
3094
3095
3041
3146
3094
3141
3096
3145
3093
3147
3096
3095
3147
3148
3096
3293
3294
3334
3036
2977
2976
2914
2917
2975
2853
2916
2917
3041
3100
3094
3037
3096
3093
3199
3148
3198
3245
3197
3242
3244
3289
3243
3195
3244
3239
3245
3289
3244
3197
3199
3242
3148
3197
3196
3148
3199
3197
3242
3288
3245
3195
3196
3244
3191
3195
3239
3145
3148
3196
3196
3195
3145
3243
3239
3244
3243
3241
3194
3143
3139
3091
2849
2784
2847
2850
2911
2847
2910
2846
2849
2783
2846
2848
2783
2781
2846
3033
2974
3031
3032
2973
3030
2848
2846
2910
3190
3193
3142
3143
3190
3139
3194
3193
3190
3139
3090
3088
3090
3138
3087
2468
2467
2537
1343
1416
1340
1195
1270
1269
1342
1418
1343
1569
1568
1491
1572
1569
1494
1642
1568
1569
1269
1267
1194
1270
1343
1269
1196
1270
1195
1196
1268
1270
1340
1267
1269
1491
1490
1414
1494
1491
1416
1568
1490
1491
1269
1194
1195
1414
1413
1339
1193
1194
1267
2682
2751
2683
2179
2255
2177
2256
2326
2255
2178
2256
2179
2254
2325
2256
2398
2399
2327
2469
2538
2539
2398
2397
2470
2396
2468
2469
2542
2611
2612
2475
2542
2545
2541
2611
2542
2471
2541
2472
2610
2611
2541
1579
1651
1578
2257
2185
2261
2401
2328
2330
2090
2166
2087
2181
2247
2169
2102
2181
2169
2180
2258
2181
2245
2166
2170
1497
1574
1562
1498
1497
1421
1498
1575
1497
2473
2543
2535
2613
2683
2674
2683
2613
2614
2675
2673
2605
2100
2024
2099
2677
2607
2676
2744
2677
2676
2678
2608
2677
2677
2608
2607
2745
2678
2677
2679
2609
2678
2610
2609
2679
2682
2612
2681
2542
2612
2545
2540
2541
2471
2470
2399
2398
2470
2471
2399
2397
2469
2470
2325
2397
2398
2324
2396
2397
2539
2471
2470
2608
2539
2538
2609
2540
2539
2540
2610
2541
2539
2540
2471
2609
2610
2540
2250
2173
2172
2321
2251
2250
2393
2321
2320
2395
2468
2396
2393
2394
2321
2393
2466
2394
2251
2173
2250
2254
2176
2253
2096
2095
2174
2538
2537
2607
2323
2324
2253
2538
2607
2608
2467
2466
2536
2395
2467
2468
2395
2394
2467
2606
2676
2607
1055
985
1040
1130
1055
1131
1054
1053
984
1130
1054
1055
1130
1129
1054
1719
1643
1645
1728
1654
1721
1643
1572
1645
1642
1643
1718
1642
1569
1643
1339
1338
1266
1419
1413
1490
1496
1419
1490
1428
1427
1419
1204
1205
1278
1343
1340
1269
1571
1644
1645
1492
1570
1493
1567
1641
1570
1488
1489
1565
1415
1488
1492
1411
1489
1488
1640
1715
1716
1418
1417
1495
1794
1721
1718
1795
1794
1719
1873
1797
1794
1873
1949
1875
1872
1874
1796
1576
1506
1500
1655
1581
1582
1575
1499
1506
1428
1504
1503
1726
1653
1727
1797
1875
1802
1794
1797
1721
1873
1875
1797
2026
1952
1951
2101
2026
2025
2098
2030
2026
1129
1053
1054
1131
1055
1116
1410
1411
1488
1341
1335
1410
1342
1341
1417
1342
1268
1341
1335
1337
1410
1335
1263
1337
1571
1493
1570
1644
1571
1570
1645
1572
1571
1719
1645
1720
1795
1719
1720
1792
1795
1720
1796
1873
1795
1794
1718
1719
1571
1495
1493
2020
2095
2021
2019
2094
2020
2321
2322
2251
2093
2172
2094
2249
2320
2250
2250
2172
2249
2322
2321
2394
2395
2322
2394
2323
2252
2322
2173
2251
2174
2250
2320
2321
2095
2094
2173
2174
2095
2173
2022
2096
2097
2022
2021
2096
2094
2172
2173
1193
1118
1119
972
1042
1041
974
902
973
1044
1042
972
1121
1120
1045
1193
1192
1118
1120
1193
1119
1045
1120
1119
1194
1193
1120
1342
1343
1270
1268
1342
1270
1262
1268
1196
1262
1335
1268
1654
1646
1721
1646
1642
1718
1721
1646
1718
1654
1580
1646
1505
1496
1573
1503
1427
1428
1414
1416
1491
1413
1414
1490
1340
1416
1414
1491
1494
1569
1569
1572
1643
1495
1572
1494
1418
1495
1494
1417
1493
1495
1341
1410
1415
1268
1335
1341
1262
1263
1335
1495
1571
1572
1341
1415
1417
1492
1567
1570
1643
1719
1718
1117
1192
1191
1122
1187
1196
1195
1122
1196
898
834
826
968
1037
967
1039
1038
968
1114
1113
1038
974
901
902
1044
974
973
903
901
974
1121
1045
1122
1195
1121
1122
1195
1194
1121
1043
1046
1045
1119
1043
1045
975
1037
1046
973
975
1043
973
904
975
1044
973
1043
1119
1044
1043
972
903
974
902
831
834
833
829
762
1118
1117
1041
1119
1118
1042
1192
1117
1118
970
971
1040
756
828
827
900
903
971
828
829
899
833
903
900
1128
1052
1053
1670
1596
1669
1003
1004
934
1147
1073
1072
1148
1149
1074
1584
1657
1658
1577
1502
1578
1502
1426
1503
1578
1502
1503
1501
1424
1425
1650
1649
1576
1578
1650
1577
1724
1649
1650
1348
1274
1275
1500
1423
1424
1346
1274
1347
1344
1346
1420
1345
1344
1420
1272
1271
1344
1425
1349
1350
1502
1425
1426
1502
1501
1425
1577
1576
1501
1348
1275
1276
1349
1348
1276
1347
1274
1348
1273
1274
1346
1344
1273
1346
1271
1199
1273
1425
1350
1426
1347
1348
1424
1277
1350
1349
1424
1348
1349
1201
1275
1274
1273
1201
1274
1199
1127
1201
1202
1129
1203
1200
1202
1275
1200
1128
1202
1204
1130
1131
1205
1265
1279
1425
1424
1349
1204
1203
1130
1205
1204
1131
1277
1203
1204
2674
2675
2605
981
1051
1049
1050
981
980
1050
1051
981
982
1050
979
1052
1126
1050
913
912
843
1945
2020
1946
1869
1868
1944
1790
1869
1870
1789
1868
1869
2018
2092
2093
1194
1120
1121
1187
1262
1196
898
826
897
961
897
892
1038
1112
1037
1189
1115
1114
1188
1187
1113
898
897
969
1044
972
974
831
759
826
902
901
832
834
904
902
826
834
831
898
904
834
967
1037
975
901
830
832
617
689
688
833
762
830
901
833
830
831
902
832
903
833
901
1041
1040
971
970
1040
985
984
915
985
899
900
970
915
899
970
985
915
970
914
845
915
829
833
900
899
829
900
828
757
829
972
971
903
972
1041
971
827
828
899
686
614
615
757
691
762
619
685
684
552
619
613
552
618
619
619
684
613
757
685
691
756
684
685
549
548
615
759
687
754
832
761
831
690
616
687
831
761
759
689
617
690
1866
1861
1936
1488
1565
1492
1786
1781
1861
1717
1716
1791
1792
1720
1717
1566
1639
1640
1791
1870
1871
1715
1790
1716
1789
1869
1790
1714
1713
1788
1640
1714
1715
1639
1713
1714
1943
1942
2017
2018
1943
2017
2092
2018
2017
2019
1945
1944
1868
1867
1943
1789
1714
1788
1866
1942
1867
1871
1872
1793
1946
1871
1870
1946
1947
1871
1639
1566
1564
1786
1787
1713
1781
1786
1712
1861
1866
1786
1714
1640
1639
3087
3032
3090
3086
3087
3138
3029
3032
3087
3086
3029
3087
2711
2779
2778
2780
2713
2712
2716
2780
2712
2845
2779
2780
2842
2845
2780
2783
2842
2780
2783
2848
2842
2843
2844
2778
2906
2909
2845
2912
2966
2906
2910
2912
2848
2971
2973
2912
3084
3027
3082
2848
2912
2906
3027
3024
3082
2912
2970
2966
2973
3029
2970
2968
3025
3023
2908
2968
2965
3026
3083
3025
2967
3026
2968
2969
2909
2966
3026
2969
3027
2967
2909
2969
3024
3028
3082
3026
3027
3083
2716
2783
2780
3029
3086
3028
2914
2911
2850
3085
3028
3086
3085
3082
3028
3194
3239
3243
3193
3194
3241
3143
3191
3194
3143
3140
3191
3190
3143
3194
3091
3140
3143
3032
3030
3088
3089
3031
3034
3088
3033
3091
3030
2971
2974
2974
2971
2913
2972
2974
2913
3033
3030
2974
2914
2853
2917
3088
3030
3033
2850
2853
2914
2782
2718
2785
2651
2652
2583
2785
2788
2850
2782
2785
2847
2721
2788
2785
2652
2721
2718
2787
2788
2721
2796
2797
2862
2851
2791
2856
2582
2650
2651
2368
2297
2371
2448
2518
2451
2377
2448
2379
2377
2450
2448
2302
2377
2304
2450
2519
2448
2437
2506
2439
1696
1695
1770
1769
1694
1696
1849
1769
1770
1754
1694
1769
1621
1622
1696
2444
2441
2371
2580
2510
2513
2507
2441
2510
2579
2576
2509
2646
2579
2577
2646
2648
2579
2440
2438
2507
2444
2371
2443
2577
2509
2507
2580
2577
2510
2580
2646
2577
2438
2368
2441
2370
2442
2443
2443
2511
2512
2369
2442
2370
2451
2521
2511
2379
2451
2442
2379
2448
2451
2438
2441
2507
2652
2649
2583
2578
2645
2647
2508
2578
2575
2576
2645
2578
2506
2576
2508
2509
2577
2579
2712
2647
2716
2657
2658
2589
2661
2590
2660
2727
2660
2658
2797
2796
2729
2861
2797
2795
2861
2862
2797
2729
2661
2730
2659
2661
2729
2591
2590
2661
2650
2581
2591
2591
2581
2521
2580
2513
2583
2591
2521
2590
2513
2512
2582
2521
2588
2590
2512
2511
2581
2518
2519
2588
2451
2518
2521
2511
2442
2451
2369
2304
2379
2379
2304
2377
2911
2849
2847
2975
2972
2914
2913
2849
2911
3031
2974
2972
2975
3031
2972
3034
3092
3089
2971
2910
2913
2767
2769
2700
2766
2767
2698
2766
2832
2767
2229
2276
2298
2152
2229
2230
2231
2153
2230
2076
2074
2151
2201
2276
2229
2629
2628
2697
2631
2653
2584
2700
2631
2630
2699
2653
2631
2562
2514
2493
3242
3246
3287
3242
3199
3246
3288
3242
3287
3288
3289
3245
3198
3240
3247
3334
3332
3293
3290
3246
3292
3247
3240
3248
3199
3247
3246
3199
3198
3247
3096
3037
3095
3146
3192
3198
3044
2984
3045
2981
2982
3042
2921
2922
2983
3149
3141
3100
2982
2920
2921
3044
3043
2983
2984
3044
2983
3103
3102
3044
2981
2920
2982
3153
3205
3200
3078
3077
3018
3187
3186
3134
2794
2859
2860
2790
2854
2855
2925
2987
2926
2924
2986
2925
2923
2980
2985
2924
2923
2986
2858
2924
2859
2858
2923
2924
2919
2979
2980
3254
3255
3301
3444
3475
3442
3415
3444
3410
3415
3449
3444
3374
3335
3376
3332
3333
3292
3374
3372
3334
3373
3333
3372
3407
3373
3372
3294
3249
3295
3334
3294
3335
3407
3372
3374
3291
3292
3246
3247
3293
3291
3372
3333
3332
3254
3205
3206
3248
3249
3294
3248
3240
3200
3153
3149
3100
3248
3200
3249
3192
3146
3141
3240
3192
3200
3240
3198
3192
3254
3206
3255
3336
3295
3301
3249
3200
3205
3191
3239
3194
3144
3191
3140
3244
3196
3245
3144
3195
3191
3144
3145
3195
3245
3196
3197
2779
2713
2780
2843
2778
2779
2909
2907
2845
2908
2965
2905
2844
2908
2905
2907
2967
2908
2843
2907
2844
2968
3026
3025
2909
2967
2907
3024
2966
2970
2711
2713
2779
2135
2209
2134
2135
2210
2209
2055
2056
2134
2063
2062
2141
2129
2057
2136
1990
1916
1991
2282
2281
2355
2280
2282
2354
2211
2281
2282
1603
1540
1614
1612
1603
1614
1538
1462
1529
1914
1909
1838
1915
1914
1902
1984
1983
1909
2135
2129
2204
2056
2135
2134
2056
2129
2135
1984
2056
2055
1984
1985
2056
2211
2136
2212
1991
1916
1989
2063
1991
2062
2063
1990
1991
1902
1914
1838
1762
1689
1687
1751
1762
1688
1690
1751
1688
1827
1762
1751
1827
1838
1762
1985
1984
1914
1683
1758
1685
2061
1988
2060
1835
1760
1758
1757
1684
1682
1836
1758
1759
1837
1835
1912
1837
1760
1835
1760
1685
1758
2297
2296
2370
2565
2567
2633
1604
1546
1619
1695
1696
1622
1629
1695
1622
1768
1831
1847
1986
1987
1911
2058
1986
2049
2058
2059
1986
2351
2284
2279
2424
2351
2352
2359
2431
2424
2423
2430
2357
2495
2494
2424
2495
2563
2494
2357
2284
2351
1604
1676
1605
1531
1604
1605
1530
1546
1604
1750
1752
1677
1694
1680
1620
1696
1694
1621
1754
1680
1694
2058
2049
2125
2138
2058
2137
2059
1987
1986
1692
1693
1765
1676
1692
1750
1619
1693
1692
2054
2049
1982
1849
1845
1769
1921
1906
1845
1997
1921
1922
1980
1906
1921
1842
1919
1844
1830
1842
1766
1906
1919
1842
1980
1919
1906
1995
2052
2067
1755
1766
1693
1680
1755
1679
1830
1906
1842
2132
2066
2144
2143
2142
2217
2064
2066
2142
1993
2064
2065
1992
1994
2064
1917
1992
1993
1918
1917
1993
1843
1844
1920
1841
1843
1917
1841
1767
1843
1994
2066
2064
1920
1994
1992
1920
1995
1994
1920
1992
1917
1841
1917
1918
1919
1920
1844
1995
1980
2052
2065
2054
1993
1765
1693
1767
2150
2147
2073
1754
1830
1755
1765
1841
1826
2288
2287
2360
2224
2146
2221
2203
2145
2223
2144
2203
2220
2219
2144
2220
2289
2219
2220
2207
2217
2142
2144
2207
2132
2277
2217
2207
2066
2067
2144
2128
2052
2068
2144
2067
2128
2066
1994
2067
2068
2146
2145
2433
2363
2435
1904
1976
1903
1982
1977
1918
1993
1982
1918
2065
2133
2054
2049
1976
1977
1982
2049
1977
2054
2125
2049
1993
2054
1982
2133
2125
2054
2143
2133
2065
2143
2208
2133
2137
2058
2125
1904
1903
1829
1918
1904
1901
1977
1976
1904
1986
1976
2049
1910
1836
1834
1986
1911
1910
1987
1912
1911
1828
1752
1826
1904
1828
1901
1753
1752
1828
2284
2213
2279
2139
2060
2059
2286
2285
2358
2212
2216
2283
2215
2285
2286
2062
2140
2141
2139
2214
2215
2423
2494
2430
2351
2423
2357
2351
2424
2423
2430
2429
2358
1989
1913
1988
2502
2495
2431
2502
2564
2495
2496
2502
2432
2565
2633
2572
2496
2565
2502
2496
2567
2565
2632
2636
2571
2572
2632
2564
2572
2637
2632
2774
2709
2777
2775
2774
2838
2707
2709
2774
2211
2212
2281
2135
2204
2210
2204
2136
2211
2210
2204
2211
2129
2136
2204
1984
2055
1983
2056
1985
2057
1908
1909
1983
1762
1761
1689
1762
1838
1761
1690
1763
1751
1839
1902
1827
1764
1840
1839
1915
1990
1914
1833
1761
1838
1909
1833
1838
1984
1909
1914
1908
1833
1909
1908
1832
1833
1990
2057
1985
659
592
663
594
659
664
589
592
659
936
868
867
935
936
867
1006
937
936
813
742
811
598
600
533
586
598
531
723
795
740
656
723
670
656
722
723
742
672
740
883
813
811
741
671
672
812
741
742
812
743
741
671
599
600
948
1015
1018
950
948
1018
950
879
948
809
806
879
941
872
871
878
805
875
737
806
809
664
666
594
589
659
594
725
733
664
806
734
805
737
666
734
1005
935
1004
957
1026
1028
1096
1098
1025
1077
1096
1023
1152
1171
1096
1077
1152
1096
1371
1298
1370
1524
1449
1448
1372
1394
1319
1152
1226
1171
1371
1370
1448
1225
1298
1226
1225
1297
1298
1098
1173
1172
953
954
885
1297
1370
1298
1371
1299
1298
1172
1247
1174
1098
1172
1097
1173
1247
1172
1226
1299
1246
1321
1320
1248
1152
1151
1225
1544
1468
1537
1685
1617
1611
1543
1468
1544
1234
1307
1235
1379
1306
1304
1379
1381
1306
2122
2199
2123
1699
1625
1697
1773
1699
1771
1773
1772
1699
1974
2048
2001
1978
1979
1905
2051
2121
2047
2076
2151
2152
1456
1458
1381
1455
1456
1379
1304
1378
1379
1530
1531
1455
1531
1532
1456
1605
1532
1531
1606
1608
1534
1677
1678
1606
1307
1306
1381
1382
1307
1381
1236
1308
1309
1236
1235
1308
1236
1161
1235
2202
2127
2126
2047
1979
2051
2122
2123
2047
2198
2122
2121
2198
2199
2122
2048
1974
2047
1822
1746
1745
1895
1822
1820
1895
1970
1898
1899
1898
1973
1824
1899
1897
1823
1898
1899
1823
1746
1822
1898
1823
1822
1824
1747
1823
1810
1735
1811
1890
1813
1889
1512
1436
1435
2033
2035
2108
1886
1961
1959
1890
1965
1961
1813
1812
1889
1886
1813
1890
1885
1884
1959
1809
1807
1733
1959
1884
1886
1808
1807
1884
1659
1657
1585
1737
1809
1733
1731
1658
1657
1809
1884
1807
1732
1669
1658
1808
1732
1807
1808
1819
1743
1738
1814
1811
1812
1810
1887
1961
1886
1890
1589
1663
1659
1585
1589
1659
1513
1588
1589
1888
1887
1811
1809
1813
1886
1884
1809
1886
1733
1663
1737
1659
1663
1733
1731
1659
1733
1585
1513
1589
1663
1736
1737
1709
1708
1782
1668
1634
1709
1594
1561
1634
2481
2551
2483
2409
2481
2408
2482
2551
2481
1666
1664
1592
1739
1666
1665
1740
1814
1738
2045
1978
1971
2120
2045
2046
2050
1978
2045
1612
1538
1603
1761
1832
1756
1840
1837
1913
1827
1902
1838
1764
1839
1763
1915
1902
1839
1916
1915
1840
1913
1916
1840
1989
2062
1991
1990
1985
1914
1763
1691
1764
1687
1688
1762
1615
1613
1541
1839
1827
1763
1687
1613
1688
1840
1915
1839
1837
1840
1764
1913
1989
1916
1682
1608
1678
1384
1460
1461
1456
1381
1379
1534
1458
1532
1534
1459
1458
1915
1916
1990
1833
1832
1761
665
727
724
661
728
660
658
661
591
658
724
661
588
658
591
657
665
724
591
661
590
524
525
590
658
657
724
728
726
660
590
661
660
727
665
732
466
467
530
728
797
726
669
668
739
797
796
726
727
797
728
724
727
728
732
797
727
735
732
665
735
803
732
732
804
798
81
80
55
193
192
152
117
158
156
110
117
115
81
110
115
83
117
110
83
119
117
59
83
57
36
59
57
53
58
59
59
58
84
250
286
300
341
399
400
199
156
190
249
199
250
249
198
199
193
155
198
237
286
250
199
237
250
190
236
237
191
150
151
155
156
199
198
155
199
241
198
249
241
193
198
152
114
155
155
115
156
112
114
152
111
112
151
111
78
112
112
80
114
81
83
110
338
288
339
289
338
340
289
288
338
291
288
242
291
339
288
462
461
398
521
462
458
525
461
462
588
525
521
587
588
522
591
525
588
524
461
525
458
398
396
396
340
338
397
396
339
398
340
396
339
396
338
352
351
300
301
352
300
411
474
410
525
591
590
521
458
459
881
810
882
667
737
738
733
725
731
805
733
802
805
734
733
458
462
398
397
458
396
397
459
458
1756
1681
1686
1837
1764
1760
1756
1686
1761
1616
1690
1615
1542
1616
1615
1543
1544
1617
1614
1687
1689
1614
1613
1687
1527
1462
1538
1463
1464
1539
1529
1462
1463
1603
1529
1540
1603
1538
1529
1237
1229
1162
1310
1237
1239
1311
1310
1239
1375
1300
1301
1153
1154
1228
1153
1079
1080
1452
1451
1374
1310
1311
1385
1462
1527
1452
1385
1462
1452
1463
1540
1529
1375
1452
1374
1300
1375
1374
1686
1689
1761
1612
1686
1681
1614
1689
1686
1612
1614
1686
1540
1613
1614
1539
1613
1540
1463
1539
1540
1541
1613
1539
1464
1465
1541
1386
1464
1463
1386
1387
1464
1462
1385
1463
1311
1313
1387
1467
1543
1542
1389
1466
1390
1544
1537
1611
1389
1391
1466
1461
1537
1468
1691
1685
1760
1764
1691
1760
1690
1616
1617
1385
1386
1463
1375
1385
1452
1375
1310
1385
1385
1311
1386
1313
1238
1312
1229
1228
1154
1375
1301
1310
1300
1228
1229
1238
1240
1312
1239
1238
1313
1163
1090
1165
1238
1163
1165
1164
1089
1163
1235
1307
1308
1087
1086
1160
1014
1086
1015
1013
1014
944
1013
1085
1014
1157
1158
1084
1014
1015
945
1159
1160
1086
1084
1158
1085
1234
1160
1159
1087
1015
1086
1315
1241
1309
1391
1315
1384
1316
1242
1315
1233
1306
1234
1600
1526
1525
1598
1524
1523
1526
1601
1549
1369
1447
1370
1658
1731
1732
1524
1448
1523
1542
1615
1541
1527
1451
1452
939
1009
1008
938
939
1008
870
804
876
939
870
876
879
878
948
882
879
950
806
878
879
1229
1301
1300
1162
1229
1154
1237
1301
1229
1164
1237
1162
1310
1301
1237
1162
1088
1089
1314
1388
1312
1467
1466
1543
1314
1390
1388
1391
1461
1468
1466
1391
1468
1316
1315
1391
1978
2051
1979
1542
1541
1465
1388
1390
1465
1751
1763
1827
1615
1690
1688
1613
1615
1688
1542
1543
1616
1617
1544
1611
1691
1617
1685
1616
1543
1617
1467
1390
1466
1465
1467
1542
1465
1390
1467
1690
1617
1691
1541
1539
1464
1164
1163
1238
1089
1090
1163
1162
1089
1164
1239
1237
1164
1154
1080
1088
1093
1094
1168
1165
1093
1168
1017
1090
1089
1019
949
1020
1017
1019
1090
1017
949
1019
1017
947
949
1095
1094
1022
1091
1095
1021
1018
1091
1021
1166
1095
1091
1166
1169
1095
1018
1015
1087
1161
1092
1087
950
952
882
945
948
878
1021
952
950
880
881
951
881
882
952
881
807
810
1022
951
952
808
807
881
735
808
803
735
736
808
810
809
882
739
810
807
738
809
810
736
665
669
807
736
739
735
665
736
804
732
803
877
804
803
798
869
797
732
798
797
870
869
798
738
737
809
739
738
810
808
736
807
530
597
587
522
530
587
596
668
597
530
596
597
529
595
596
736
669
739
665
657
597
597
668
669
587
597
657
530
529
596
465
529
467
667
666
737
596
595
667
595
594
666
805
802
875
945
878
875
806
737
734
733
734
664
1241
1242
1167
1021
1095
1022
1236
1167
1161
1315
1309
1384
1242
1241
1315
1314
1243
1316
1169
1166
1242
1167
1236
1241
1092
1167
1166
1236
1309
1241
944
945
875
1088
1016
1017
1154
1088
1162
1080
1016
1088
1153
1080
1154
1079
1009
1080
1078
1009
1079
949
951
1020
1093
1019
1020
947
877
880
1016
947
1017
1089
1088
1017
870
939
938
1080
1009
1016
1078
1008
1009
880
808
881
949
880
951
877
808
880
808
877
803
1165
1168
1240
1238
1165
1240
1090
1093
1165
1020
1022
1094
1090
1019
1093
951
1022
1020
947
880
949
881
952
951
1092
1018
1087
1167
1092
1161
1166
1091
1092
1093
1020
1094
1091
1018
1092
952
1021
1022
879
882
809
1009
946
1016
870
938
869
796
797
869
876
877
946
939
876
946
804
877
876
946
1009
939
947
946
877
947
1016
946
1243
1314
1240
1461
1391
1384
1243
1240
1168
1242
1243
1169
1242
1316
1243
1389
1314
1316
1391
1389
1316
1390
1314
1389
1312
1240
1314
1466
1468
1543
1388
1465
1387
1387
1313
1388
1464
1387
1465
1386
1311
1387
1238
1239
1164
1388
1313
1312
1311
1239
1313
804
870
798
74
52
77
6
11
15
17
34
16
26
32
15
36
34
17
32
53
36
49
35
26
56
79
82
49
56
35
49
74
56
57
34
36
11
0
1
12
11
1
5
10
1
48
52
74
25
48
27
25
29
31
158
159
201
190
158
201
156
115
117
81
57
83
114
81
115
114
80
81
33
55
54
33
16
34
119
159
158
117
119
158
83
59
84
36
53
59
106
113
79
79
113
82
116
113
153
157
116
153
82
113
116
109
149
147
106
109
147
107
108
148
75
107
77
107
148
109
75
76
107
187
186
233
50
30
47
107
76
108
75
51
76
284
283
335
393
336
335
234
187
233
336
337
285
187
146
186
189
187
234
189
148
187
145
186
146
232
283
233
157
194
200
116
157
118
153
194
157
32
26
35
17
32
36
17
15
32
6
0
11
34
55
33
6
17
16
57
55
34
48
31
52
13
28
14
28
51
29
184
230
231
10
25
12
14
10
5
14
25
10
13
2
3
28
13
24
14
4
13
9
3
7
20
44
43
22
20
43
23
21
45
8
20
22
8
18
20
347
295
296
535
472
532
607
677
606
477
471
534
413
471
477
475
412
476
412
353
354
349
407
347
673
671
741
607
673
678
607
601
673
472
535
534
532
533
599
296
295
245
248
294
298
407
471
413
349
409
407
246
297
296
287
248
298
408
472
409
602
671
673
535
602
601
599
671
602
532
599
535
533
600
599
867
866
935
723
722
794
670
600
598
586
655
656
793
866
794
1013
943
1012
1085
1013
1084
1085
1086
1014
802
801
874
800
801
730
745
799
729
873
801
800
817
746
818
741
743
673
812
813
884
672
742
741
887
816
884
819
886
890
814
744
815
819
814
886
819
748
814
1477
1476
1399
1026
1097
1099
957
890
956
1027
957
1028
960
890
957
955
1025
1024
1025
1023
1096
589
594
527
523
589
527
659
725
664
593
592
526
663
731
725
460
473
523
592
593
663
460
410
473
399
460
463
399
410
460
536
593
526
668
667
738
410
399
351
411
410
352
473
536
526
474
473
410
474
536
473
597
669
665
596
667
668
528
595
529
528
594
595
738
739
668
402
397
343
466
522
459
397
402
459
467
529
530
344
403
343
291
344
343
292
342
344
667
595
666
403
401
465
527
594
528
521
525
462
522
521
459
522
588
521
402
467
466
459
402
466
343
403
402
661
724
728
587
658
588
587
657
658
295
251
245
292
344
291
249
290
241
399
341
351
241
290
292
249
250
299
81
55
57
78
80
112
78
54
80
299
250
300
351
299
300
290
249
299
288
289
240
239
240
289
239
191
240
14
29
25
2
13
4
28
30
51
14
28
29
24
30
28
49
48
74
79
56
74
26
27
49
12
27
11
31
29
51
52
31
51
48
25
31
12
25
27
12
1
10
4
14
5
75
77
52
30
50
51
105
76
73
23
46
24
185
232
186
104
71
103
185
145
144
73
72
104
24
47
30
104
103
144
24
46
47
70
103
71
98
68
64
141
142
101
180
181
140
182
230
184
143
182
184
183
230
182
69
70
45
143
103
102
142
143
102
184
144
143
50
76
51
72
50
47
73
76
50
72
73
50
71
72
47
71
104
72
145
185
186
105
145
146
104
144
145
58
56
82
118
84
82
53
35
58
792
791
864
721
792
793
719
720
653
934
1004
935
866
934
935
865
933
934
933
864
932
793
865
866
793
792
865
916
846
847
916
848
846
1061
1134
1136
918
919
988
920
918
988
849
850
918
1060
1135
1059
1132
1136
1206
716
651
649
789
716
717
775
789
717
848
862
789
718
652
651
789
718
716
790
791
719
1006
1075
1076
868
936
937
1005
1075
1006
1147
1146
1220
1293
1221
1220
1002
933
932
866
865
934
1146
1133
1207
1281
1220
1207
1003
1073
1004
1002
1003
933
1072
1073
1003
1146
1072
1071
1147
1148
1073
926
995
996
857
926
921
857
856
925
784
856
785
994
924
929
784
855
856
788
858
860
1004
1074
1005
1218
1144
1216
1214
1140
1213
1361
1288
1287
1215
1141
1214
1139
1144
1213
1140
1139
1213
992
996
1062
995
1064
1065
1068
998
1000
1142
1067
1068
1065
1064
1139
1140
1065
1139
996
995
1065
999
997
1067
1064
999
1069
1139
1064
1069
995
925
994
924
856
855
994
925
924
1064
994
999
1064
995
994
995
926
925
927
929
860
1296
1297
1224
1223
1296
1224
1295
1367
1368
1150
1149
1223
1294
1366
1367
1354
1366
1293
1447
1446
1522
1370
1447
1448
1369
1446
1447
1295
1368
1296
1367
1444
1445
733
731
802
666
664
734
659
663
725
663
662
730
674
675
745
747
746
676
678
748
677
818
888
817
748
818
747
889
888
818
888
871
817
817
871
799
745
817
799
746
747
818
1176
1174
1249
1400
1325
1398
1178
1170
1103
1177
1178
1104
1317
1305
1380
1318
1317
1392
1245
1305
1317
1170
1245
1244
1252
1305
1245
1253
1252
1178
1253
1325
1252
1104
1029
1030
1244
1302
1230
1156
1082
1155
1231
1232
1157
1029
958
959
1103
1155
1081
1104
1103
1029
1102
1177
1101
960
1027
1030
1028
1099
1100
1177
1253
1178
1230
1231
1156
1170
1230
1155
1104
1178
1103
1245
1317
1318
1377
1318
1393
1378
1377
1454
1378
1303
1373
1170
1244
1230
1170
1178
1245
1029
1010
958
1157
1083
1156
942
943
873
1011
1083
1012
1010
1011
941
1010
1082
1011
943
944
874
1012
1084
1013
1011
1012
942
1083
1084
1012
942
1012
943
1250
1253
1227
1027
1028
1102
1101
1027
1102
960
957
1027
956
890
886
959
960
1030
1029
959
1030
958
891
959
814
748
744
1007
1077
1023
1006
1076
1007
1076
1150
1151
937
1006
1007
1075
1150
1076
412
413
476
353
412
411
347
302
295
349
347
296
354
302
347
413
354
407
353
302
354
888
889
958
1029
1081
1010
603
593
536
663
730
731
662
593
603
956
887
955
743
816
744
955
954
1025
956
955
1024
887
884
955
812
884
816
813
885
884
742
813
812
885
954
955
883
885
813
883
953
885
868
883
811
953
1023
954
937
953
883
937
1007
953
868
937
883
795
868
811
795
867
868
1077
1076
1151
1151
1150
1224
1297
1225
1224
1077
1007
1076
1224
1225
1151
1023
953
1007
523
527
463
460
523
463
526
592
589
474
475
537
523
526
589
77
109
106
146
187
148
188
197
154
336
394
337
284
336
285
284
335
336
455
394
393
455
518
456
116
118
82
233
186
232
284
233
283
284
234
233
157
159
118
26
11
27
26
15
11
48
49
27
84
58
82
119
84
118
119
83
84
32
35
53
35
56
58
106
79
74
119
118
159
17
6
15
138
99
97
179
138
177
139
99
138
140
139
179
140
100
139
68
98
100
65
42
38
98
67
99
64
41
67
280
332
331
282
281
333
142
183
182
278
280
331
229
278
230
229
280
278
183
141
181
143
142
182
102
101
142
329
277
276
317
371
314
330
279
277
371
387
329
332
280
279
388
332
330
388
390
332
229
279
280
329
276
314
228
277
279
228
227
277
183
181
229
230
183
229
142
141
183
227
276
277
105
108
76
104
105
73
146
108
105
141
100
140
70
102
103
101
100
141
69
101
102
70
69
102
43
44
69
68
100
101
184
185
144
103
143
144
181
180
228
229
181
228
141
140
181
66
38
39
97
66
63
62
86
96
37
62
63
37
60
62
138
179
139
99
67
65
180
227
228
243
293
244
196
243
244
235
285
243
188
235
196
197
188
196
149
189
188
189
234
235
148
189
149
109
148
149
108
146
148
243
285
293
104
145
105
22
7
8
21
9
7
45
21
22
23
9
21
70
46
45
24
9
23
24
13
9
382
445
444
380
382
444
323
381
382
270
323
324
275
274
327
379
321
328
224
274
275
414
359
415
449
506
442
448
449
386
512
506
449
511
541
577
448
511
449
448
478
511
711
645
643
577
578
512
646
608
647
927
860
858
997
927
928
997
929
927
570
569
638
41
19
40
44
41
64
44
20
41
2815
2748
2751
2880
2815
2817
2875
2874
2810
2939
2875
2880
2938
2891
2874
2999
2938
2939
2815
2751
2817
2742
2673
2675
2743
2742
2675
2761
2692
2742
2101
2025
2100
2178
2179
2100
2184
2261
2185
2485
2554
2553
2549
2484
2553
2462
2533
2485
2390
2462
2413
2533
2464
2534
2462
2463
2533
2390
2315
2317
2101
2098
2026
2024
2025
1951
2331
2261
2259
2545
2476
2475
2541
2542
2472
2612
2614
2545
2614
2613
2544
2809
2761
2742
2316
2340
2268
2244
2316
2268
2315
2390
2316
2317
2315
2246
2390
2413
2341
2603
2554
2602
2623
2622
2554
2552
2548
2483
2620
2552
2551
2618
2548
2552
2755
2686
2687
2754
2731
2685
2535
2604
2605
2602
2533
2534
2544
2476
2545
2543
2544
2613
2604
2543
2613
2473
2474
2543
2473
2401
2474
2465
2473
2535
2474
2403
2476
2543
2474
2544
2401
2403
2474
2400
2401
2473
2330
2403
2401
1266
1338
1265
1267
1266
1193
1267
1339
1266
2172
2171
2249
2095
2020
2094
2096
2021
2095
2023
2022
2097
2024
2023
2099
2024
1950
2023
1948
1947
2022
1947
1946
2021
1946
1870
1945
2314
2389
2320
2743
2683
2748
2810
2743
2748
2176
2254
2178
2097
2176
2099
2023
2097
2099
2096
2175
2097
2253
2324
2254
2175
2253
2176
2097
2175
2176
2174
2252
2175
2174
2251
2252
2809
2742
2743
1816
1891
1814
1893
1892
1817
1893
1968
1967
2041
1966
1967
2041
2112
2037
1484
1497
1562
2031
2028
2104
1784
1862
1782
1710
1784
1782
1711
1647
1722
1708
1710
1782
1648
1655
1723
1939
2014
1968
1938
1939
1863
1938
2013
1939
2013
2014
1939
2040
2116
2042
2014
2040
1968
1893
1939
1968
2013
2087
2014
1798
1723
1729
2088
2089
2040
2087
2088
2014
2087
2166
2088
2042
2117
2041
2089
2116
2040
2089
2168
2116
2480
2484
2549
2167
2166
2245
2246
2167
2245
2168
2166
2167
2462
2485
2413
2190
2189
2112
1815
1816
1740
2475
2472
2542
2404
2475
2476
2404
2402
2475
2403
2404
2476
2544
2474
2476
2332
2261
2331
2330
2332
2403
2330
2261
2332
2402
2399
2472
2331
2402
2404
2329
2260
2327
2331
2329
2402
2331
2260
2329
2403
2332
2404
2259
2183
2260
2180
2107
2185
2087
2015
2090
1864
1938
1862
1784
1864
1862
1940
1941
2015
1877
1799
1800
1955
1877
1878
1804
1799
1877
2030
2105
2104
2091
2016
2027
2169
2091
2102
2090
2016
2091
2166
2090
2170
2087
2013
2015
1878
1877
1800
2105
2177
2182
2104
2105
2182
2098
2101
2177
2030
2098
2105
2030
1956
2026
1952
2026
1956
2184
2185
2106
2098
2177
2105
2259
2261
2184
2261
2330
2257
2036
2111
2038
1888
1963
1962
2037
2112
2111
1963
2037
2036
1962
1963
2036
1888
1891
1963
1966
2041
2037
2117
2115
2041
2189
2111
2112
1816
1814
1740
1892
1816
1815
1892
1891
1816
2605
2673
2602
2674
2605
2604
2603
2623
2554
2673
2603
2602
2673
2623
2603
2178
2099
2176
1950
1948
2023
1949
1950
2024
1949
1874
1950
1875
1949
1951
1874
1948
1950
2022
1947
2021
1951
1949
2024
1874
1872
1948
1717
1641
1716
1793
1717
1791
1793
1792
1717
1871
1793
1791
1872
1792
1793
1796
1795
1792
1720
1644
1717
1948
2022
2023
1871
1947
1872
1946
2020
2021
2467
2536
2537
1598
1672
1599
1524
1598
1599
1523
1597
1598
1672
1745
1746
1598
1671
1672
1522
1521
1596
1447
1522
1523
1446
1521
1522
1596
1670
1597
1670
1744
1671
1523
1522
1597
1669
1743
1670
1658
1669
1595
1744
1820
1745
1671
1744
1745
1743
1819
1744
1885
1819
1808
1885
1960
1894
1884
1885
1808
1959
2033
1960
1672
1673
1599
1745
1672
1671
1746
1673
1672
1820
1822
1745
1747
1673
1746
1905
1971
1978
2002
2074
2003
1928
2002
2003
2001
2075
2002
1905
1896
1971
1771
1850
1773
1749
1771
1697
1825
1850
1771
1979
1974
1905
1928
1852
1926
2002
1928
2001
1927
1852
1928
1975
1927
2003
2076
2004
2003
2004
1930
1929
1851
1852
1927
1772
1773
1851
1702
1700
1774
1698
1625
1699
1928
1926
2001
1773
1852
1851
1850
1900
1926
1549
1472
1526
1675
1623
1601
1674
1675
1601
1749
1697
1675
1473
1550
1475
1396
1473
1395
1474
1550
1473
1623
1551
1549
1601
1623
1549
1697
1625
1623
1625
1624
1551
1597
1671
1598
1369
1370
1297
1368
1369
1296
1368
1445
1446
1450
1525
1526
1369
1297
1296
906
907
836
977
906
976
977
907
906
842
838
772
913
844
914
842
843
912
773
774
843
771
773
842
774
827
845
702
774
773
702
755
774
982
979
912
910
841
911
766
838
767
766
772
838
908
979
911
982
1052
1050
1052
982
983
984
1053
983
1128
1126
1052
1050
1126
1051
978
981
1049
839
769
840
980
981
978
1266
1192
1193
1211
1284
1212
1138
1211
1212
1141
1215
1211
1062
1066
1137
1140
1214
1141
1066
1140
1141
1287
1360
1361
1214
1287
1215
1286
1360
1287
1213
1286
1214
1218
1289
1291
1213
1218
1286
1213
1144
1218
1205
1191
1265
1351
1278
1279
1131
1191
1205
909
978
976
1203
1129
1130
1276
1203
1277
1349
1276
1277
1275
1202
1276
1276
1202
1203
978
1047
976
1344
1271
1273
1109
1182
1108
1332
1329
1259
1183
1257
1182
1124
1197
1198
1047
1049
1123
1345
1420
1421
1406
1345
1421
1332
1272
1345
1406
1403
1332
1484
1481
1406
1481
1403
1406
1198
1271
1272
1199
1271
1197
1199
1201
1273
1051
1127
1125
1126
1128
1200
1051
1125
1049
1125
1199
1197
1124
1123
1197
1051
1126
1127
1823
1747
1746
693
694
764
620
624
623
692
694
624
620
692
624
554
620
623
555
554
623
488
493
554
622
555
623
365
366
428
694
763
765
628
692
620
697
768
769
628
697
692
628
698
697
896
907
966
895
893
963
823
764
837
896
823
837
820
753
823
835
836
765
835
839
905
905
836
835
910
909
839
976
906
905
896
966
963
905
906
836
977
966
907
768
697
698
767
770
698
763
835
765
697
763
692
769
835
763
770
840
768
698
770
768
841
908
911
770
841
840
838
908
841
839
835
769
909
905
839
909
976
905
911
980
910
978
1049
1047
910
980
909
980
979
1050
909
980
978
911
979
980
1047
977
976
769
763
697
503
439
447
499
441
505
378
377
440
781
780
852
853
781
852
709
708
781
640
708
709
704
640
709
634
571
640
707
712
780
720
721
654
791
720
719
792
721
720
392
454
393
335
392
393
391
453
392
392
453
454
389
391
333
389
452
391
331
389
333
390
451
452
331
390
389
282
231
281
334
282
333
283
232
282
331
332
390
281
278
331
229
228
279
388
450
451
582
651
652
515
581
516
579
649
581
454
455
393
334
333
391
335
334
392
335
283
334
516
581
582
454
516
517
453
515
516
348
298
346
195
197
247
247
197
248
455
456
394
519
584
585
350
409
349
298
350
297
298
348
350
470
408
406
354
413
412
347
407
354
297
349
296
297
350
349
409
471
407
190
201
236
286
237
236
156
158
190
77
106
74
200
201
159
157
200
159
245
251
200
195
246
194
585
654
655
571
565
505
570
571
505
706
778
779
635
705
637
704
777
705
722
793
794
795
723
794
655
721
722
571
634
565
638
639
570
639
707
708
570
639
571
638
707
639
649
717
716
779
851
847
986
916
920
1056
986
991
1056
987
986
986
917
916
1061
1056
991
1132
1133
1057
1136
1132
1061
987
1001
931
986
987
917
1057
1001
987
1132
1057
1056
1133
1146
1071
1001
1071
1002
917
987
931
1057
1071
1001
1207
1133
1206
1280
1207
1206
1210
1280
1206
1283
1353
1280
1222
1294
1295
1222
1148
1221
1296
1223
1295
1223
1149
1222
1295
1223
1222
1224
1150
1223
1147
1220
1221
1207
1220
1146
1293
1294
1221
1002
1072
1003
1001
1002
932
1071
1072
1002
932
863
931
862
848
917
847
851
916
776
847
846
776
779
847
919
854
923
1059
1058
989
918
850
919
565
634
566
505
565
499
634
635
566
454
517
455
598
586
656
469
468
531
532
470
533
470
472
408
520
586
531
345
395
404
346
345
404
293
337
345
519
518
584
520
457
519
395
394
456
468
404
457
337
394
395
721
655
654
721
793
722
437
438
375
436
500
437
566
567
501
989
990
1060
777
782
850
853
921
922
501
500
566
649
580
650
706
703
636
846
848
789
583
652
653
517
582
583
455
517
518
454
453
516
581
651
582
790
789
862
650
717
649
775
846
789
703
775
717
703
706
775
720
791
792
652
719
653
718
790
719
436
435
499
867
794
866
1005
936
935
795
794
867
740
795
811
740
670
723
742
740
811
598
533
531
670
672
600
656
670
598
740
672
670
672
671
600
302
353
301
403
467
402
344
401
403
290
342
292
290
341
342
341
299
351
401
342
400
290
299
341
237
199
190
400
399
463
464
400
463
527
464
463
465
467
403
528
465
464
528
529
465
400
342
341
464
401
400
401
344
342
192
193
238
240
238
288
151
150
111
152
151
112
115
155
114
238
242
288
191
192
240
193
242
238
155
193
152
241
242
193
192
191
151
152
192
151
238
240
192
251
236
201
200
251
201
295
302
251
251
302
301
353
411
352
301
353
352
286
301
300
286
236
251
468
469
406
286
251
301
247
246
195
350
408
409
287
298
297
247
287
297
247
248
287
348
406
408
350
348
408
346
405
348
294
346
298
294
293
345
246
245
194
297
246
247
296
245
246
75
52
51
20
18
41
67
41
40
46
70
71
47
46
71
23
45
46
7
22
21
43
69
45
22
43
45
44
68
69
18
19
41
68
101
69
13
3
9
55
80
54
1261
1334
1264
1261
1186
1260
1190
1189
1264
1185
1114
1111
1261
1185
1186
1189
1114
1185
1264
1189
1261
1115
1188
1113
1327
1326
1401
1254
1327
1260
1254
1255
1327
1186
1179
1254
1334
1261
1260
1185
1111
1179
1180
1255
1254
1334
1260
1333
1632
1631
1557
1188
1262
1187
967
898
969
968
967
969
961
1031
969
1038
1037
968
1113
1112
1038
1122
1112
1187
1122
1046
1112
1042
1044
1119
1112
1046
1037
1122
1045
1046
975
1046
1043
1190
1263
1188
1255
1326
1327
1712
1636
1637
1567
1565
1640
1486
1407
1408
1563
1486
1485
1487
1412
1409
1564
1487
1563
1636
1564
1563
1630
1636
1563
1638
1639
1636
1712
1638
1636
1712
1713
1638
1566
1489
1564
1489
1411
1412
1565
1489
1566
1640
1565
1566
1567
1492
1565
1409
1334
1407
1489
1412
1487
1337
1263
1264
1411
1337
1412
1411
1410
1337
1480
1557
1479
1868
1789
1788
1942
1943
1867
1944
1945
1869
1788
1867
1868
1715
1714
1789
1787
1866
1867
1713
1787
1788
1713
1712
1786
1563
1556
1630
1487
1486
1563
1408
1479
1485
1631
1706
1630
1630
1556
1631
1401
1479
1408
1402
1480
1479
1557
1558
1632
1556
1479
1557
1631
1556
1557
1487
1564
1489
1556
1563
1485
1637
1706
1712
1630
1637
1636
1630
1706
1637
1556
1485
1479
1401
1326
1328
1407
1333
1408
1333
1260
1327
1401
1333
1327
1407
1334
1333
1480
1558
1557
1418
1494
1416
1343
1418
1416
1342
1417
1418
2093
2171
2172
2019
2093
2094
2092
2171
2093
1336
1337
1264
1334
1336
1264
1334
1409
1336
1644
1720
1645
1641
1644
1570
1641
1717
1644
1640
1641
1567
1791
1790
1870
1796
1792
1872
1716
1790
1791
1640
1716
1641
1715
1789
1790
1795
1873
1794
2017
2012
2086
2243
2241
2312
2171
2243
2249
2171
2165
2243
2252
2253
2175
2322
2252
2251
2323
2253
2252
2395
2323
2322
2466
2467
2394
2396
2323
2395
2396
2324
2323
1937
2012
1936
1937
2010
2012
1935
1934
1858
2011
2010
1934
2009
2011
1935
2085
2010
2011
2083
2161
2086
2085
2083
2010
2085
2161
2083
2092
2086
2163
2017
1942
2012
2092
2017
2086
2019
2020
1945
1944
1943
2018
1870
1869
1945
1868
1943
1944
2018
2093
2019
1944
2018
2019
1188
1263
1262
1485
1486
1408
1415
1410
1488
1493
1415
1492
1493
1417
1415
1409
1407
1486
1487
1409
1486
1412
1337
1336
2009
1935
2008
1866
1936
1942
1858
1857
1935
2011
1934
1935
1859
1779
1780
1402
1401
1328
1402
1479
1401
1401
1408
1333
511
478
541
328
385
386
610
543
611
608
610
679
608
577
541
385
416
448
416
356
414
386
385
448
328
327
385
304
355
356
480
415
420
208
260
209
491
556
489
629
560
625
628
629
698
559
554
493
429
366
367
494
428
429
494
430
428
629
559
560
488
430
493
488
487
424
424
430
488
422
424
487
422
430
424
360
422
421
428
430
422
312
313
366
313
308
361
366
313
367
312
308
313
254
306
303
223
253
273
254
205
255
355
304
303
255
256
305
680
611
609
416
414
479
544
611
543
481
479
544
478
481
543
478
448
416
420
358
419
303
306
355
544
542
611
895
894
822
511
512
449
323
382
380
306
359
355
306
305
359
252
254
303
255
305
306
206
255
205
256
307
305
206
256
255
206
207
256
358
359
305
307
357
358
207
209
257
257
258
310
256
257
307
256
207
257
542
609
611
480
542
544
553
487
555
480
486
542
479
415
480
543
481
544
416
385
356
481
416
479
481
478
416
420
486
480
487
488
555
423
421
487
419
423
486
419
421
423
422
360
365
486
423
487
419
360
421
420
419
486
415
359
420
544
479
480
414
355
359
479
414
415
356
355
414
359
358
420
357
360
419
305
307
358
422
365
428
310
258
260
307
310
360
307
257
310
427
363
364
365
360
310
366
365
311
494
556
560
425
489
429
425
426
491
559
629
628
620
559
628
493
560
559
553
622
609
486
553
542
555
622
553
486
487
553
488
554
555
542
553
609
429
367
425
556
494
490
428
366
429
694
692
763
764
694
765
764
753
693
693
624
694
621
693
682
622
623
693
362
363
426
425
362
426
309
363
362
492
558
491
370
433
427
433
497
492
369
432
431
563
627
558
497
563
558
492
497
558
495
561
497
561
630
563
496
561
495
562
631
630
427
426
363
433
495
497
369
431
368
482
417
418
495
432
496
369
417
432
695
696
767
695
626
696
556
557
625
560
556
625
492
426
427
557
491
558
627
557
558
556
491
557
489
425
491
433
370
431
495
433
431
492
427
433
699
771
701
631
699
701
683
684
755
631
683
699
631
612
683
427
364
370
312
260
259
358
357
419
487
421
422
682
693
753
260
208
259
366
311
312
311
310
260
312
311
260
365
310
311
367
313
361
312
259
308
361
308
309
362
361
309
425
367
361
258
209
260
357
307
360
257
209
258
175
173
222
168
175
217
168
135
175
133
174
134
175
224
217
221
222
172
174
221
172
223
274
221
274
224
222
221
274
222
174
203
223
327
356
385
275
327
328
273
304
327
328
386
379
273
327
274
327
304
356
573
507
506
642
573
578
715
710
648
644
711
643
574
641
643
710
711
644
643
645
576
575
643
576
641
710
644
611
680
610
680
682
750
679
680
750
609
622
621
837
765
836
893
823
896
764
765
837
573
506
512
648
642
578
381
442
445
442
386
449
442
379
386
445
442
443
381
379
442
321
322
268
328
321
275
379
381
321
512
578
573
893
820
823
963
893
896
822
820
893
861
821
894
752
749
820
821
752
822
751
749
752
821
751
752
859
821
861
859
787
821
752
820
822
681
749
751
681
750
749
820
750
753
541
543
610
610
680
679
821
822
894
750
820
749
753
764
823
928
859
861
894
930
861
998
1067
997
715
786
788
783
715
788
713
646
647
787
786
714
648
646
713
710
642
648
783
710
715
783
711
710
646
577
608
1142
1144
1069
1067
1142
1069
1068
1143
1142
1108
1145
1070
1290
1292
1363
1289
1217
1290
1364
1291
1362
1216
1217
1289
1219
1292
1290
1217
1219
1290
1070
1145
1143
1182
1219
1145
1257
1183
1258
1330
1257
1258
1219
1182
1257
1363
1362
1290
1443
1482
1519
1365
1443
1442
1365
1404
1443
1440
1362
1363
1404
1331
1405
1482
1404
1405
1365
1330
1404
1440
1365
1442
1292
1330
1365
1514
1515
1590
1361
1437
1359
1439
1515
1437
1593
1519
1594
1665
1593
1667
1739
1665
1667
1592
1591
1665
1592
1517
1591
1592
1590
1517
1291
1286
1218
1362
1291
1289
1364
1360
1291
1358
1433
1435
1284
1357
1285
1288
1359
1357
1439
1437
1361
1431
1509
1432
1285
1357
1358
1587
1514
1590
1661
1587
1590
1735
1661
1664
1734
1660
1661
1734
1662
1660
1812
1736
1810
1812
1737
1736
1512
1510
1586
1662
1588
1660
1513
1509
1436
1511
1434
1438
1586
1511
1587
1510
1434
1511
1586
1510
1511
1660
1586
1587
1660
1588
1586
1435
1433
1510
1431
1358
1436
1433
1434
1510
1437
1434
1359
1512
1513
1436
1812
1887
1889
1512
1435
1510
1664
1666
1738
1281
1354
1293
1280
1281
1207
1353
1354
1281
1507
1432
1509
1283
1356
1353
1431
1436
1509
1355
1431
1356
1355
1358
1431
1282
1355
1283
1210
1282
1283
1212
1285
1282
1357
1284
1288
1281
1293
1220
1356
1429
1353
1520
1508
1584
1354
1430
1366
1508
1583
1584
1429
1507
1430
1429
1432
1507
1657
1584
1583
1737
1812
1813
1809
1737
1813
1663
1662
1736
1589
1662
1663
1509
1513
1585
1588
1662
1589
1512
1588
1513
1512
1586
1588
1662
1734
1736
1658
1595
1584
1731
1807
1732
1659
1731
1657
1733
1807
1731
1744
1819
1820
1732
1743
1669
1732
1808
1743
1367
1295
1294
1430
1444
1366
1447
1523
1448
1368
1446
1369
1521
1520
1595
996
992
926
1065
1140
1066
1215
1284
1211
1286
1287
1214
1361
1359
1288
1364
1439
1360
1734
1735
1810
1736
1734
1810
1660
1587
1661
863
862
931
920
988
991
990
919
923
993
990
923
989
919
990
1059
989
1060
988
919
989
1134
1061
1058
851
849
918
993
1063
1060
1209
1208
1282
1210
1209
1282
1280
1210
1283
1136
1209
1210
1134
1135
1209
1138
1135
1063
1211
1138
1137
1208
1209
1135
1212
1208
1138
1212
1282
1208
1061
991
1058
1206
1133
1132
1058
988
989
1134
1058
1059
991
988
1058
1132
1056
1061
920
851
918
986
920
991
916
851
920
1059
1135
1134
1063
1137
1138
1134
1209
1136
1357
1359
1433
1215
1288
1284
1215
1287
1288
1508
1507
1583
1353
1429
1354
1507
1509
1583
1356
1432
1429
1356
1431
1432
1358
1357
1433
1436
1358
1435
1355
1285
1358
1585
1583
1509
933
1003
934
864
933
865
1071
1057
1133
1147
1072
1146
932
931
1001
863
932
864
1057
987
1056
863
864
791
862
863
790
862
917
931
718
789
790
848
916
917
1060
1063
1135
850
782
854
919
850
854
849
778
850
1066
996
1065
1137
1066
1141
1211
1137
1141
1063
1062
1137
1062
996
1066
1280
1353
1281
647
608
679
751
714
681
646
578
577
714
713
647
648
578
646
964
894
895
1139
1069
1144
930
894
964
647
679
681
786
787
858
788
786
858
713
714
786
681
714
647
751
821
787
541
478
543
608
541
610
577
512
511
1033
1035
965
681
679
750
713
786
715
751
787
714
859
858
787
648
713
715
1504
1578
1503
1727
1728
1803
1726
1727
1801
1654
1728
1727
1559
1481
1484
1880
1802
1875
1879
1803
1880
1956
1879
1880
1878
1803
1879
1956
1955
1879
1561
1482
1483
1591
1517
1516
1518
1591
1516
1593
1665
1591
1516
1517
1441
1442
1516
1440
1363
1365
1440
1443
1519
1518
1593
1594
1667
1518
1519
1593
1442
1518
1516
1442
1443
1518
1482
1561
1519
1739
1740
1666
1887
1810
1811
1590
1592
1664
1439
1361
1360
1441
1439
1364
1441
1517
1515
1184
1259
1256
1481
1405
1403
1421
1484
1406
1483
1482
1405
1559
1483
1481
1559
1560
1483
1292
1365
1363
1481
1483
1405
1561
1594
1519
1143
1216
1142
1291
1360
1286
1440
1364
1362
1515
1517
1590
1438
1437
1515
1514
1438
1515
1514
1511
1438
1664
1661
1590
1434
1437
1438
1587
1511
1514
1433
1359
1434
1439
1441
1515
1440
1441
1364
1440
1516
1441
1661
1735
1734
1508
1430
1507
1595
1520
1584
1444
1430
1508
1520
1444
1508
1596
1521
1595
1445
1444
1520
1521
1446
1445
1520
1521
1445
1596
1597
1522
1669
1596
1595
1670
1671
1597
1368
1367
1445
1367
1366
1444
1293
1366
1294
1354
1429
1430
1283
1355
1356
1585
1657
1583
929
997
999
994
929
999
924
860
929
856
924
925
927
858
859
855
860
924
855
788
860
998
997
928
1067
1069
999
921
926
992
1033
963
966
1216
1144
1142
1145
1217
1143
1289
1218
1216
965
895
963
965
964
895
1033
965
963
1034
964
965
1068
1000
1070
1143
1068
1070
1067
998
1068
998
930
1000
930
928
861
1000
930
964
998
928
930
130
93
94
220
214
171
324
383
325
373
320
378
124
121
88
87
90
89
166
163
124
167
215
166
171
214
165
266
215
214
318
265
319
167
214
215
125
167
166
165
214
167
320
318
376
378
320
377
267
318
320
253
203
252
304
253
303
223
203
253
321
381
322
269
323
270
506
443
442
445
382
381
222
224
175
135
168
126
216
218
169
269
270
217
270
218
216
217
270
216
324
325
270
135
126
95
219
169
218
170
128
169
219
170
169
219
171
170
326
319
272
130
94
128
170
130
128
171
165
129
132
134
172
174
133
160
203
174
160
202
203
160
252
303
253
223
221
174
274
223
273
172
134
174
252
202
204
304
273
253
203
202
252
173
172
222
131
173
135
132
172
173
125
165
167
124
125
166
124
89
90
165
125
123
92
128
94
90
123
125
130
129
93
130
171
129
91
127
128
266
265
215
220
272
266
219
220
171
219
271
220
272
325
326
214
220
266
271
325
272
220
271
272
219
218
271
95
131
135
435
436
374
372
435
374
317
316
374
315
320
373
378
440
441
315
267
320
262
314
276
263
316
262
210
261
211
315
316
263
316
314
262
316
317
314
211
263
262
372
374
316
377
439
440
264
215
265
318
264
265
377
320
376
267
264
318
373
372
315
435
373
378
435
372
373
176
211
225
162
176
178
210
211
176
316
315
372
276
225
262
261
267
315
211
261
263
213
164
212
376
384
439
319
376
318
319
326
376
266
319
265
326
383
384
509
446
444
441
499
435
378
441
435
440
503
504
376
326
384
266
272
319
325
383
326
504
570
505
503
510
569
384
446
447
444
445
509
507
574
508
506
507
443
572
574
507
573
572
507
573
642
572
569
510
576
508
445
443
509
508
575
509
445
508
380
444
383
324
380
383
324
323
380
271
270
325
268
269
224
321
268
275
322
269
268
323
322
381
268
224
275
323
269
322
217
224
269
507
508
443
271
218
270
128
127
169
171
130
170
92
91
128
91
95
127
90
125
124
93
123
87
123
129
165
87
123
90
93
129
123
173
131
132
175
135
173
216
168
217
216
169
168
126
169
127
95
126
127
168
169
126
254
204
205
306
254
255
252
204
254
614
547
549
760
758
688
756
685
757
685
619
691
432
495
431
482
545
496
417
482
432
483
545
482
562
561
496
613
612
546
631
701
630
619
618
691
485
552
546
552
551
618
612
613
683
562
612
631
562
545
612
418
483
482
485
484
547
482
496
432
612
545
546
562
496
545
418
484
483
550
617
615
825
892
897
824
826
759
754
824
759
754
825
824
824
825
897
1189
1185
1261
1039
1111
1114
1032
1105
1031
1032
1106
1105
1039
1114
1038
1106
1179
1105
1186
1254
1260
1105
1179
1111
1106
1180
1179
1113
1187
1112
961
892
962
1105
1039
1031
969
897
961
1039
1105
1111
969
1039
968
1031
962
1032
969
1031
1039
961
962
1031
826
824
897
832
830
760
690
687
759
904
898
967
975
904
967
973
902
904
840
769
768
838
841
770
910
839
840
621
680
609
693
621
622
682
680
621
623
624
693
753
750
682
492
491
426
761
832
760
689
761
760
690
759
761
431
370
368
632
701
700
627
632
696
630
701
632
563
630
632
561
562
630
695
767
698
557
627
625
700
701
772
766
700
772
696
632
700
767
696
766
627
563
632
626
627
696
625
626
695
625
627
626
629
625
695
494
493
430
490
494
429
489
490
429
489
556
490
560
493
494
563
497
561
842
912
908
771
842
772
771
702
773
840
841
910
842
908
838
912
979
908
698
629
695
838
770
767
559
620
554
425
361
362
1412
1336
1409
1190
1264
1263
1115
1189
1190
1188
1115
1190
1113
1114
1115
1254
1179
1180
1186
1185
1179
3060
3061
3002
2812
2811
2876
2940
2941
2877
2746
2679
2678
2745
2677
2744
2811
2745
2744
2812
2813
2746
2614
2682
2683
2472
2399
2471
2614
2544
2545
2475
2402
2472
2610
2680
2611
2680
2681
2611
2679
2680
2610
2608
2678
2609
2749
2814
2816
2746
2747
2679
2746
2813
2747
2679
2747
2680
2680
2749
2681
2537
2606
2607
2672
2615
2684
2752
2741
2684
2676
2606
2672
2811
2808
2873
2875
2939
2938
2815
2880
2875
2750
2817
2751
2816
2881
2817
2881
2944
2880
2817
2881
2880
2682
2681
2750
2814
2879
2816
3059
3004
3062
3117
3059
3062
3116
3073
3058
2816
2879
2881
2750
2816
2817
2682
2750
2751
2749
2816
2750
2747
2749
2680
2747
2814
2749
2813
2878
2814
3003
3002
3061
2877
2878
2813
2876
2877
2812
2876
2940
2877
3002
3001
3060
2942
3002
3003
2941
3001
3002
2671
2615
2600
2599
2671
2600
2740
2684
2671
2741
2672
2684
2753
2741
2752
2818
2753
2752
2818
2819
2753
2808
2744
2741
2672
2606
2601
2741
2744
2676
2272
2273
2198
2487
2486
2555
2414
2381
2453
2415
2414
2486
2342
2381
2414
2272
2197
2271
2130
2196
2120
2195
2130
2118
2205
2196
2130
2269
2205
2195
2306
2269
2236
2306
2342
2269
2270
2196
2205
2555
2593
2624
2487
2555
2556
2486
2523
2555
2453
2452
2522
2486
2453
2523
2381
2452
2453
2271
2202
2270
2344
2271
2343
2344
2272
2271
2186
2109
2108
2593
2662
2663
2556
2555
2624
2523
2592
2593
2414
2453
2486
2548
2479
2483
2685
2616
2617
2592
2547
2616
2695
2626
2694
2764
2695
2763
2558
2559
2490
2696
2627
2695
2696
2628
2627
2418
2489
2490
2556
2625
2557
2416
2415
2487
2343
2342
2414
2344
2343
2415
2270
2342
2343
2121
2127
2197
2118
2046
2044
2195
2205
2130
2109
2187
2119
2236
2269
2195
2119
2187
2195
2269
2342
2270
2305
2306
2236
2305
2380
2306
2120
2050
2045
2130
2120
2118
2119
2195
2118
2270
2202
2196
2126
2127
2050
2617
2548
2618
2686
2617
2618
2685
2662
2616
2662
2592
2616
2522
2478
2547
2453
2522
2523
2452
2478
2522
2415
2343
2414
2188
2263
2262
2334
2305
2262
2452
2380
2406
2381
2306
2380
2381
2342
2306
2191
2188
2113
2406
2478
2452
2334
2406
2380
2305
2334
2380
2266
2264
2336
2263
2266
2335
2263
2191
2266
2236
2187
2262
2266
2192
2264
2339
2336
2408
2411
2339
2408
2335
2266
2339
2479
2407
2411
2334
2263
2335
2624
2625
2556
2746
2745
2812
2814
2747
2813
2678
2745
2746
2745
2811
2812
1972
2045
1971
1897
1972
1971
1973
2046
1972
2615
2601
2546
1266
1265
1192
1352
1338
1413
1419
1427
1352
1351
1350
1278
1352
1351
1279
1426
1350
1351
1265
1191
1192
1352
1279
1338
1278
1350
1277
1204
1278
1277
1205
1279
1278
1338
1279
1265
1352
1427
1351
2532
2477
2546
2466
2532
2536
2466
2393
2461
2606
2537
2536
2309
2313
2242
2309
2384
2313
2239
2309
2242
2239
2308
2309
2455
2383
2386
2532
2461
2477
2389
2333
2405
2461
2389
2405
2393
2320
2389
1707
1632
1704
1707
1781
1706
1705
1779
1704
1705
1778
1780
696
700
766
613
546
552
844
774
845
699
683
702
772
701
771
546
545
483
1116
1040
1041
1191
1116
1117
1055
1040
1116
914
915
984
899
915
845
983
914
984
913
982
912
844
913
843
774
844
843
845
914
844
983
982
913
755
756
827
829
757
762
828
756
757
755
684
756
683
755
702
771
699
702
618
686
691
485
551
552
614
686
618
683
613
684
485
483
484
551
485
547
614
551
547
614
618
551
546
483
485
899
845
827
758
686
688
690
617
616
761
689
690
762
758
830
758
691
686
830
758
760
762
691
758
688
615
617
760
688
689
686
615
688
549
615
614
548
550
615
550
616
617
1053
1129
1128
983
1053
1052
984
985
1054
900
971
970
983
913
914
843
842
773
985
1055
1054
774
755
827
1116
1191
1131
1041
1117
1116
1041
1042
1118
1707
1631
1632
1779
1707
1704
1706
1631
1707
121
85
88
89
124
88
100
98
139
161
210
162
124
163
121
261
213
264
279
330
332
179
226
227
277
329
330
212
164
163
215
212
166
215
264
212
334
391
392
317
375
371
317
374
375
136
137
177
138
136
177
96
137
136
263
261
315
162
210
176
213
212
264
210
213
261
210
164
213
226
177
178
225
226
178
262
225
211
276
226
225
276
227
226
500
501
437
565
500
499
565
566
500
637
567
635
387
434
450
330
387
388
371
434
387
314
371
329
375
434
371
436
437
374
502
568
564
635
567
566
637
636
568
176
225
178
568
567
637
703
633
636
450
388
387
498
564
513
498
502
564
434
498
450
438
502
498
375
438
434
500
436
499
438
437
501
375
374
437
567
568
502
451
390
388
513
580
514
434
438
498
568
633
564
514
452
451
513
514
451
513
564
580
450
513
451
450
498
513
633
650
580
452
453
391
579
515
514
579
581
515
640
704
634
502
438
501
633
580
564
387
330
329
704
705
635
650
703
717
579
580
649
633
703
650
579
514
580
568
636
633
705
706
637
776
846
775
85
60
61
88
85
61
161
122
164
210
161
164
162
122
161
137
120
162
177
137
178
136
97
96
122
121
163
120
122
162
86
121
122
85
86
62
64
68
44
42
67
40
65
38
66
99
65
66
67
42
65
66
39
63
180
179
227
85
62
60
99
66
97
136
138
97
98
64
67
39
37
63
212
163
166
267
261
264
122
163
164
137
162
178
96
120
137
63
96
97
63
62
96
86
122
120
96
86
120
85
121
86
99
139
98
226
179
177
180
140
179
410
351
352
473
526
523
464
527
528
530
522
466
292
242
241
292
291
242
343
339
291
401
464
465
397
339
343
282
334
283
147
154
113
154
147
188
106
147
113
109
77
107
607
678
677
540
607
606
601
602
673
477
476
413
472
534
471
675
746
745
605
676
675
538
605
604
601
534
535
539
540
606
539
477
540
677
747
676
605
606
676
748
819
818
677
748
747
678
743
744
744
748
678
812
816
743
1026
1024
1097
1028
1026
1099
956
1024
1026
957
956
1026
891
890
960
959
891
960
815
744
816
887
815
816
886
814
815
889
819
891
889
818
819
891
819
890
955
884
885
886
887
956
886
815
887
606
677
676
539
606
605
602
535
599
540
601
607
540
534
601
475
411
412
411
475
474
678
673
743
468
520
531
293
294
244
188
189
235
337
395
345
520
585
586
585
584
654
586
585
655
722
656
655
470
469
533
472
470
532
406
469
470
471
409
472
405
404
468
348
405
406
346
404
405
405
468
406
294
345
346
457
520
468
395
457
404
395
456
457
531
533
469
519
457
456
518
519
456
585
520
519
195
194
153
113
154
153
197
196
248
154
197
195
153
154
195
147
149
188
244
294
248
196
244
248
196
235
243
245
200
194
231
282
232
281
230
278
333
281
331
231
230
281
185
231
232
185
184
231
581
649
651
452
514
515
453
452
515
389
390
452
501
567
502
394
336
393
285
337
293
234
285
235
234
284
285
731
730
801
1073
1074
1004
1222
1149
1148
1150
1075
1149
1319
1394
1321
1173
1246
1248
1247
1173
1248
1098
1171
1173
1299
1372
1319
1148
1147
1221
1294
1222
1221
1074
1075
1005
1148
1074
1073
1149
1075
1074
1320
1321
1395
1247
1320
1249
1247
1248
1320
1099
1172
1174
1173
1171
1246
1025
1098
1097
1024
1025
1097
954
1023
1025
1248
1319
1321
1096
1171
1098
1152
1225
1226
674
604
675
730
662
729
603
604
674
537
603
536
474
537
536
475
476
538
539
476
477
537
538
604
537
475
538
950
1018
1021
805
878
806
945
1015
948
604
603
537
539
605
538
476
539
538
477
534
540
674
745
729
605
675
604
676
746
675
871
872
799
940
871
888
940
1010
941
662
663
593
674
662
603
674
729
662
574
575
508
641
574
572
642
641
572
644
643
641
643
575
574
638
576
645
447
439
384
509
447
446
503
440
439
510
503
447
509
510
447
575
576
510
569
570
504
927
859
928
710
641
642
788
855
783
576
638
569
705
777
778
634
704
635
709
777
704
639
708
640
645
707
638
645
711
712
922
921
992
923
922
992
923
854
922
709
781
782
852
921
853
708
780
781
785
856
857
780
785
852
707
780
708
712
785
780
645
712
707
784
785
712
783
784
711
783
855
784
782
853
854
709
782
777
781
853
782
857
921
852
785
857
852
857
925
926
990
993
1060
853
922
854
992
993
923
711
784
712
718
651
716
719
652
718
584
653
654
583
582
652
584
583
653
584
518
583
583
518
517
1063
993
1062
1138
1208
1135
1285
1212
1284
1285
1355
1282
1210
1206
1136
779
849
851
706
779
776
778
849
779
706
705
778
775
706
776
636
637
706
777
850
778
992
1062
993
654
653
720
863
791
790
864
865
792
936
1005
1006
504
503
569
441
504
505
441
440
504
376
439
377
446
383
444
575
510
509
384
383
446
571
639
640
582
517
516
2427
2354
2426
1748
1821
1749
1674
1748
1675
1824
1821
1748
2007
2053
1981
2006
2007
1932
2080
2053
2007
1932
2007
1981
1776
1775
1702
1768
1777
1831
1703
1629
1701
1768
1703
1777
1768
1695
1703
2301
2303
2233
2296
2369
2370
1757
1759
1684
1677
1752
1678
1911
1912
1836
1977
1904
1918
2059
2060
1987
2139
2059
2138
1836
1835
1758
1757
1829
1834
1912
1835
1836
1829
1757
1753
1904
1829
1828
1903
1834
1829
1986
1910
1976
1829
1753
1828
1988
1913
1912
1378
1455
1379
1302
1318
1377
1377
1393
1454
1245
1318
1244
1392
1393
1318
1380
1392
1317
1376
1380
1305
1325
1376
1305
1400
1471
1453
1457
1533
1469
1453
1457
1380
1528
1533
1457
1533
1545
1469
1469
1545
1470
1393
1469
1470
1392
1457
1469
1470
1546
1530
1393
1470
1454
1393
1392
1469
1378
1454
1455
1373
1302
1377
1378
1373
1377
1303
1302
1373
1232
1303
1304
1231
1302
1303
1302
1244
1318
1304
1303
1378
1231
1230
1302
1232
1231
1303
1155
1103
1170
1545
1607
1618
1453
1471
1528
1471
1547
1548
1531
1456
1455
1604
1531
1530
1605
1606
1532
1546
1618
1619
1455
1454
1530
1533
1607
1545
1546
1470
1545
1602
1620
1607
1528
1602
1533
1528
1548
1602
1608
1606
1678
1684
1610
1682
1458
1382
1381
1458
1459
1382
1606
1534
1532
1608
1610
1535
1460
1383
1459
1458
1456
1532
1605
1677
1606
1231
1157
1156
1155
1230
1156
1304
1233
1232
1383
1309
1308
1380
1457
1392
1234
1159
1233
1547
1478
1555
1607
1533
1602
1400
1478
1471
1555
1553
1627
1547
1471
1478
1622
1548
1547
1548
1528
1471
1622
1621
1548
1555
1622
1547
2072
2073
2000
2071
2072
1998
2071
2149
2072
2053
2071
1998
2148
2227
2149
1770
1695
1768
1848
1770
1846
1996
1980
1921
1996
2052
1980
1770
1769
1696
1703
1701
1775
1620
1602
1548
1400
1476
1478
1453
1380
1376
1400
1453
1376
1528
1457
1453
1396
1321
1394
1549
1474
1472
1473
1475
1397
1552
1475
1550
1395
1321
1396
1397
1322
1395
1399
1397
1475
1399
1324
1397
1323
1251
1324
1305
1252
1325
1175
1176
1250
1477
1399
1475
1552
1477
1475
1626
1700
1628
1624
1626
1552
1698
1700
1626
1554
1628
1627
1552
1554
1477
1626
1628
1554
1553
1476
1477
1176
1251
1250
1376
1325
1400
1101
1104
1030
1027
1101
1030
1177
1104
1101
1322
1249
1320
1178
1252
1245
1227
1253
1177
1175
1227
1177
1175
1250
1227
1250
1323
1253
1081
1029
1103
1082
1081
1155
1010
940
958
1082
1010
1081
1082
1083
1011
940
888
958
941
871
940
1011
942
941
1156
1083
1082
943
1013
944
1157
1084
1083
1158
1233
1159
1085
1158
1159
1157
1232
1158
799
800
729
746
817
745
872
800
799
942
872
941
801
802
731
729
800
730
873
874
801
942
873
872
874
875
802
943
874
873
944
875
874
872
873
800
889
891
958
1100
1102
1028
1174
1176
1100
1097
1172
1099
1249
1322
1251
1247
1249
1174
1320
1395
1322
1175
1102
1100
1176
1175
1100
1099
1174
1100
1323
1324
1398
1253
1323
1325
1250
1251
1323
1249
1251
1176
1322
1397
1324
1473
1397
1395
1323
1398
1325
1322
1324
1251
1399
1398
1324
1177
1102
1175
1476
1398
1399
1478
1476
1553
1400
1398
1476
1673
1600
1599
1234
1306
1307
1159
1086
1085
1161
1160
1235
1161
1087
1160
1233
1304
1306
1235
1160
1234
1158
1232
1233
1169
1168
1095
1167
1242
1166
1243
1168
1169
1168
1094
1095
944
1014
945
2705
2637
2640
2773
2770
2772
2703
2637
2705
2778
2777
2710
2845
2843
2779
2841
2777
2778
2967
2968
2908
2963
2965
2964
2840
2903
2904
2905
2965
2963
2572
2640
2637
2636
2632
2637
2564
2502
2572
2965
3023
2964
2904
2963
2964
2908
2844
2907
2844
2905
2841
2778
2844
2841
2843
2845
2907
2968
3023
2965
2366
2364
2437
2369
2296
2295
2226
2148
2206
2227
2226
2295
2227
2148
2226
2438
2365
2368
2288
2352
2278
2213
2137
2208
2223
2220
2203
2222
2223
2145
2222
2292
2223
2224
2222
2145
2146
2224
2145
2221
2291
2224
2292
2289
2223
1843
1767
1844
1920
1917
1843
1918
1901
1841
1841
1901
1826
2000
1925
1999
1848
1923
1925
1845
1849
1922
1846
1923
1848
1847
1831
1907
1923
1847
1924
1846
1768
1847
1768
1846
1770
1847
1907
1924
2378
2377
2302
2577
2507
2510
2648
2645
2579
2506
2440
2509
2444
2513
2510
2444
2512
2513
2441
2444
2510
2443
2512
2444
2370
2443
2371
2442
2511
2443
2369
2379
2442
2521
2581
2511
2581
2582
2512
2582
2583
2513
2643
2644
2713
2508
2575
2505
2506
2508
2439
2441
2368
2371
2437
2367
2440
2506
2437
2440
2503
2504
2573
2634
2566
2573
2434
2422
2362
2503
2434
2433
2497
2425
2434
1621
1620
1548
2071
2131
2148
2071
2053
2131
1999
1923
1924
2072
1999
1998
2072
2000
1999
2150
2225
2147
1997
1922
1925
1931
1856
1855
2005
1931
1930
1932
1856
1931
2079
2007
2006
1907
1856
1932
1924
1907
1981
1998
1924
1981
1923
1846
1847
1831
1856
1907
1981
1907
1932
1998
1981
2053
1998
1999
1924
2150
2227
2228
1925
1923
1999
1997
1925
2000
1922
1849
1925
2149
2227
2150
2072
2149
2073
2071
2148
2149
2440
2507
2509
2576
2578
2508
2644
2712
2713
2644
2647
2712
2645
2648
2714
2275
2347
2348
2199
2274
2200
2199
2273
2274
3139
3088
3091
3142
3139
3190
3090
3032
3088
3142
3090
3139
3142
3138
3090
2783
2716
2781
2784
2846
2781
2842
2906
2845
2906
2966
2909
3030
2973
2971
3029
3028
2970
3027
3084
3083
2967
2969
3026
3024
2970
3028
2969
3024
3027
2969
2966
3024
2778
2710
2711
2840
2839
2903
2841
2905
2902
2500
2501
2570
2499
2500
2569
2429
2430
2500
2500
2430
2501
2428
2429
2499
2358
2357
2430
2356
2358
2429
2356
2286
2358
2355
2356
2428
2283
2286
2356
2212
2283
2281
2216
2141
2140
2286
2216
2215
2212
2141
2216
2494
2423
2424
1683
1685
1611
1609
1683
1611
1684
1759
1683
1609
1610
1684
1537
1609
1611
1536
1460
1535
1610
1536
1535
1537
1461
1536
1912
1987
1988
1683
1759
1758
1682
1678
1753
1609
1537
1536
1750
1677
1676
1535
1460
1459
1534
1535
1459
1610
1609
1536
1682
1610
1608
1684
1683
1609
1679
1693
1618
1910
1903
1976
1836
1910
1911
1834
1903
1910
1759
1834
1836
1759
1757
1834
1677
1605
1676
1536
1461
1460
1607
1679
1618
1849
1770
1848
1925
1849
1848
1845
1830
1769
1766
1844
1767
1693
1766
1767
1755
1830
1766
1769
1830
1754
1766
1842
1844
1845
1906
1830
1845
1922
1921
1997
1996
1921
2128
2067
2052
2145
2128
2068
2203
2144
2128
1680
1607
1620
1755
1680
1754
1679
1607
1680
1693
1679
1755
1750
1692
1765
1619
1618
1693
1694
1620
1621
2294
2365
2291
1470
1530
1454
1618
1546
1545
1619
1676
1604
2371
2297
2370
2228
2227
2296
2365
2294
2368
2440
2367
2438
2363
2361
2292
2436
2363
2366
2505
2436
2439
2505
2504
2436
2434
2503
2497
2436
2435
2363
2436
2504
2435
2218
2208
2143
2366
2437
2439
2436
2366
2439
2363
2292
2366
2145
2203
2128
2350
2287
2277
2362
2350
2289
2422
2360
2350
2142
2065
2064
2293
2365
2367
2293
2291
2365
2364
2293
2367
2290
2292
2222
2224
2290
2222
2364
2292
2290
2362
2289
2361
2070
2069
1997
2361
2289
2292
2052
1996
2068
2073
2147
2070
2438
2367
2365
2360
2432
2359
2137
2213
2138
2059
2058
2138
2208
2279
2213
2125
2133
2137
2288
2360
2359
2288
2218
2287
2352
2288
2359
2352
2279
2278
2132
2142
2066
2219
2207
2144
2219
2277
2207
2218
2217
2287
2143
2065
2142
2137
2133
2208
1995
1920
1919
1980
1995
1919
2067
1994
1995
2132
2207
2142
2289
2277
2219
2287
2217
2277
2064
1993
1992
2297
2294
2228
2359
2432
2431
2278
2208
2218
2288
2278
2218
2279
2208
2278
2293
2364
2290
2437
2364
2367
2366
2292
2364
1776
1853
1854
1855
1776
1854
1703
1775
1777
1701
1702
1775
1702
1774
1776
2155
2156
2079
2154
2155
2079
2154
2232
2155
1695
1629
1703
2156
2157
2080
2296
2297
2228
2491
2419
2490
2275
2274
2347
2346
2418
2347
2842
2848
2906
2505
2439
2508
2643
2642
2574
2644
2643
2575
2711
2642
2643
2422
2434
2425
2574
2642
2573
2633
2634
2701
2572
2633
2640
2567
2634
2633
3482
3480
3509
3449
3482
3483
3449
3448
3482
3482
3448
3480
3507
3477
3483
3415
3448
3449
3415
3381
3414
3477
3476
3475
3381
3375
3342
3410
3444
3409
3301
3255
3302
3342
3301
3302
3295
3335
3294
3301
3295
3254
3336
3335
3295
3342
3375
3336
3341
3342
3302
3341
3381
3342
3376
3335
3336
3409
3407
3374
3444
3449
3477
3443
3408
3442
3447
3413
3445
3415
3414
3448
3381
3380
3414
3414
3380
3413
3410
3381
3415
3341
3380
3381
3300
3302
3256
3375
3376
3336
3039
3038
3097
3099
3040
3098
2923
2919
2980
2792
2855
2858
2979
3038
2980
2918
2979
2919
2918
2957
2979
2979
3017
3038
2895
2957
2918
2959
3018
2957
2959
3020
3018
2835
2834
2899
2833
2835
2898
2854
2833
2895
2768
2835
2833
2768
2769
2835
2961
3022
2962
3020
3078
3018
3076
3133
3130
3337
3339
3298
3348
3338
3307
3378
3377
3338
3327
3326
3281
3327
3367
3326
3300
3341
3302
3152
3099
3151
3340
3380
3341
3299
3340
3300
3339
3377
3379
3342
3336
3301
3410
3375
3381
3410
3376
3375
3155
3206
3154
3103
3156
3155
3256
3255
3207
3295
3249
3254
3155
3154
3102
3103
3155
3102
3207
3206
3155
2833
2789
2768
2961
2962
2899
2717
2714
2648
2784
2717
2782
2781
2714
2717
2698
2629
2697
2766
2698
2697
2700
2630
2698
2832
2834
2767
2630
2631
2562
2588
2519
2589
2560
2561
2492
2654
2585
2653
2419
2420
2348
2418
2419
2347
2491
2420
2419
2559
2491
2490
2492
2420
2491
2420
2421
2349
2347
2419
2348
2492
2421
2420
2561
2493
2492
2630
2561
2629
2698
2630
2629
2700
2699
2631
2562
2493
2561
2630
2562
2561
2584
2514
2562
2514
2445
2493
2445
2373
2372
2421
2445
2372
2514
2446
2445
2585
2515
2584
2375
2447
2449
2299
2298
2372
2276
2201
2275
2348
2276
2275
2298
2230
2229
3043
3044
3102
2927
2861
2926
2984
2927
2988
2862
2861
2927
2851
2787
2786
2728
2791
2786
2856
2915
2851
2921
2856
2857
2915
2916
2852
2851
2915
2852
2920
2976
2915
2661
2659
2591
2791
2851
2786
2729
2796
2728
2857
2856
2791
2922
2857
2862
2927
2922
2862
2984
2983
2922
2921
2920
2856
2719
2720
2651
2988
3045
2984
2922
2927
2984
2921
2857
2922
2795
2860
2861
3047
3046
3105
3045
3047
3104
2987
3046
3047
2717
2784
2781
2721
2785
2718
2847
2784
2782
2769
2699
2700
2898
2899
2962
2895
2898
2959
2835
2899
2898
2767
2834
2769
2898
2962
2959
2897
2899
2834
2897
2961
2899
2789
2722
2768
2724
2656
2655
2793
2725
2792
2793
2726
2725
2653
2699
2722
2852
2787
2851
2920
2915
2856
2916
2853
2852
3096
3148
3145
3095
3094
3147
3036
3095
3037
3036
3041
3095
3146
3198
3147
2978
3034
2975
2917
2978
2975
3037
3093
3035
2978
3037
3035
2916
2976
2977
3100
3041
3042
2977
3036
3037
2978
2977
3037
2917
2916
2977
2976
2981
3036
3145
3144
3093
3093
3144
3092
2580
2583
2649
3089
3140
3091
3089
3092
3140
3033
3089
3091
3033
3031
3089
3035
3093
3092
3034
3035
3092
3034
2978
3035
2917
2977
2978
3144
3140
3092
2714
2647
2645
2646
2715
2648
2716
2647
2714
3119
3061
3118
2885
2884
2821
3008
3009
3066
2947
2948
3007
2949
3009
3008
2948
2949
3008
2886
2887
2949
2822
2886
2885
2823
2888
2887
2884
2947
2928
3106
3049
3048
2863
2884
2928
2828
2799
2864
2798
2754
2820
2799
2798
2863
2731
2754
2798
3048
3049
2990
3065
3048
3007
3065
3106
3048
2828
2892
2829
2798
2820
2863
2928
2929
2864
3049
3015
2990
2762
2828
2763
2693
2732
2762
2863
2864
2799
2990
2955
2929
2798
2799
2732
2892
2828
2864
2829
2764
2763
2893
2829
2892
2830
2765
2764
2417
2418
2346
2557
2489
2488
2558
2627
2559
2557
2558
2489
2557
2625
2626
2345
2346
2273
2344
2416
2345
2488
2489
2417
2416
2488
2417
2345
2416
2417
2344
2415
2416
2556
2557
2488
2769
2768
2699
2698
2767
2700
2832
2897
2834
2345
2272
2344
2346
2345
2417
2273
2272
2345
1555
1629
1622
1553
1555
1478
1627
1629
1555
1698
1699
1772
1700
1698
1772
1624
1625
1698
2155
2232
2233
2151
2075
2124
2153
2077
2152
2230
2153
2152
2231
2154
2153
2004
2076
2077
1928
2003
1927
2074
2076
2003
2004
2077
2005
1930
2004
2005
2006
1931
2005
1854
1929
1930
1975
2003
2004
2151
2229
2152
2075
2151
2074
2201
2229
2151
2156
2155
2233
2077
2153
2078
2231
2232
2154
1698
1626
1624
1774
1700
1772
1554
1553
1477
1702
1628
1700
1702
1701
1628
1627
1628
1701
1629
1627
1701
1553
1554
1627
1825
1771
1749
1926
1852
1850
1974
1926
1900
1905
1974
1900
1979
2047
1974
2002
2075
2074
1974
2001
1926
2048
2075
2001
1771
1699
1697
1852
1773
1850
1851
1774
1772
2048
2123
2124
2560
2628
2629
2923
2858
2919
2925
2859
2924
2987
2925
2986
2860
2859
2925
2988
2927
2926
2795
2794
2860
2794
2793
2859
2720
2786
2787
2721
2720
2787
2652
2651
2720
2582
2651
2583
2650
2659
2719
2581
2650
2582
2730
2661
2660
2795
2797
2730
2659
2650
2591
2728
2659
2729
2728
2719
2659
2857
2791
2796
2719
2651
2650
2786
2719
2728
2786
2720
2719
2850
2788
2853
2850
2847
2785
2718
2715
2649
2720
2721
2652
2782
2717
2715
2300
2232
2231
2372
2373
2299
2449
2517
2520
2378
2449
2450
2376
2303
2375
2378
2376
2449
2378
2303
2376
2447
2516
2517
2449
2447
2517
2375
2374
2447
2447
2446
2515
2300
2374
2301
2447
2515
2516
2373
2446
2374
2373
2445
2446
2299
2373
2300
2514
2584
2515
2446
2514
2515
2420
2349
2348
2445
2421
2493
2372
2349
2421
2585
2654
2586
2587
2655
2656
2516
2586
2517
2516
2585
2586
2644
2575
2578
2647
2644
2578
2713
2711
2643
2574
2505
2575
2503
2566
2497
2566
2634
2567
2497
2566
2567
2503
2573
2566
2574
2573
2504
2641
2634
2573
2710
2641
2642
2709
2701
2641
2641
2701
2634
2360
2425
2432
2574
2504
2505
2425
2496
2432
2422
2425
2360
2289
2220
2223
2422
2350
2362
2350
2277
2289
2360
2287
2350
2218
2143
2217
2362
2433
2434
2497
2496
2425
2433
2435
2503
2361
2433
2362
2361
2363
2433
2567
2496
2497
2642
2641
2573
2633
2701
2640
2579
2645
2576
2715
2717
2648
2649
2715
2646
2580
2649
2646
2652
2718
2649
2718
2782
2715
2781
2716
2714
2642
2711
2710
2709
2641
2710
2574
2575
2643
2372
2298
2349
2585
2516
2515
2231
2230
2299
2910
2971
2912
2784
2849
2846
2972
2911
2914
3034
3031
2975
2913
2911
2972
2913
2910
2849
3032
3029
2973
2970
2912
2973
2007
2079
2080
1931
2006
1932
2005
2078
2006
2758
2824
2823
2756
2758
2822
2821
2756
2822
2885
2821
2822
2884
2820
2821
2755
2687
2756
2689
2757
2758
2760
2759
2691
2760
2825
2759
2809
2827
2761
2950
3010
3009
2951
2950
2887
2951
3011
2950
2947
3007
2989
2929
2928
2989
2948
3008
3007
2885
2948
2947
2885
2886
2948
3015
3074
3016
2989
3048
2990
3106
3107
3049
3158
3209
3159
3079
3136
3081
3131
3132
3075
3184
3185
3132
2766
2697
2765
2121
2197
2198
2276
2349
2298
2276
2348
2349
2200
2275
2201
2200
2274
2275
2419
2418
2490
2270
2205
2269
2628
2560
2559
2560
2492
2491
2559
2560
2491
2629
2561
2560
2493
2421
2492
2127
2121
2051
2126
2196
2202
2120
2126
2050
2120
2196
2126
2197
2272
2198
2202
2197
2127
2202
2271
2197
2046
2118
2120
2270
2343
2271
2565
2572
2502
2050
2051
1978
2821
2755
2756
2947
2884
2885
2928
2864
2863
2820
2754
2755
2821
2820
2755
2884
2863
2820
2989
2928
2947
2929
2892
2864
2732
2731
2798
2762
2732
2799
2663
2731
2732
2624
2663
2693
2593
2555
2523
2038
1965
1964
2192
2113
2114
2110
2113
2188
2038
2114
2039
2192
2191
2113
2190
2264
2189
2407
2339
2411
2266
2336
2339
2189
2264
2192
2190
2265
2264
2265
2193
2267
2336
2265
2337
2190
2193
2265
2187
2236
2195
2186
2187
2109
2186
2262
2187
2035
2110
2108
2262
2305
2236
2188
2262
2186
2110
2188
2186
2191
2263
2188
2263
2334
2262
2035
1965
2039
2618
2687
2686
2688
2621
2620
2688
2689
2621
2110
2186
2108
2039
2110
2035
2039
2113
2110
2617
2686
2685
2620
2621
2552
2621
2687
2618
2487
2556
2488
2416
2487
2488
2415
2486
2487
2380
2452
2381
2625
2624
2693
2695
2764
2696
2694
2763
2695
2625
2694
2626
2762
2763
2694
2663
2732
2693
2799
2828
2762
2828
2829
2763
2417
2489
2418
2335
2407
2406
1894
1819
1885
2034
1969
1960
1820
1819
1894
1969
1895
1894
1744
1670
1743
2690
2622
2623
2691
2690
2623
2692
2691
2623
2759
2690
2691
2757
2689
2688
2759
2757
2690
2548
2616
2547
2551
2552
2483
2617
2616
2548
2754
2685
2686
2731
2663
2662
2411
2481
2483
2479
2411
2483
2036
2038
1964
2036
2037
2111
2114
2113
2039
2189
2114
2111
2189
2192
2114
2034
2108
2109
1961
2033
1959
1961
2035
2033
1889
1964
1890
1963
1966
2037
2192
2266
2191
2036
1964
1962
2114
2038
2111
2039
1965
2038
1961
1965
2035
1889
1887
1962
2622
2690
2688
2619
2622
2688
2553
2554
2622
2593
2663
2624
2592
2662
2593
2522
2592
2523
2547
2479
2548
2522
2547
2592
2478
2479
2547
2685
2731
2662
2034
1960
2033
2108
2034
2033
2109
2119
2043
2043
2034
2109
2044
2043
2119
2118
2044
2119
2046
1973
2044
1969
2034
2043
1969
1894
1960
2044
1970
2043
1895
1820
1894
1970
1895
1969
2043
1970
1969
1973
1972
1899
1970
1973
1898
2046
2045
1972
1823
1899
1824
1895
1898
1822
1970
2044
1973
1885
1959
1960
1738
1811
1735
1664
1738
1735
1666
1740
1738
1667
1741
1739
1964
1965
1890
1962
1964
1889
1888
1962
1887
1814
1888
1811
1815
1817
1892
1739
1815
1740
1739
1741
1815
2482
2480
2550
2190
2112
2115
2115
2117
2193
2190
2115
2193
2112
2041
2115
2042
1968
2040
1892
1967
1966
1892
1893
1967
1891
1892
1966
1863
1862
1938
1817
1818
1893
1783
1709
1782
1862
1783
1782
1818
1742
1783
1893
1818
1863
1817
1741
1742
2042
2116
2117
1967
2042
2041
1967
1968
2042
2410
2409
2338
2265
2336
2264
2267
2338
2337
2268
2267
2193
2268
2340
2267
2409
2408
2337
2482
2550
2551
1741
1817
1815
1668
1742
1741
1594
1668
1667
1594
1634
1668
1635
1633
1562
1647
1635
1574
1708
1633
1635
1863
1818
1783
1709
1634
1708
2335
2406
2334
2481
2411
2408
2407
2478
2406
2339
2407
2335
2479
2478
2407
1888
1814
1891
1966
1963
1891
1560
1561
1483
1633
1560
1559
1633
1634
1560
1668
1709
1742
1560
1634
1561
1633
1708
1634
1562
1574
1635
1484
1562
1559
1484
1421
1497
1656
1655
1649
1799
1804
1730
1724
1799
1730
1725
1726
1800
1723
1722
1647
1656
1729
1655
2015
2016
2090
1938
1940
2013
1882
1958
1953
1881
1883
1805
1957
1958
1883
1876
1865
1798
2015
1941
2016
1940
1865
1941
1940
1864
1865
2013
1940
2015
1864
1785
1865
1722
1798
1785
1711
1722
1785
1723
1798
1722
1806
1730
1805
2107
2103
2032
2106
2107
2031
2106
2185
2107
2185
2257
2180
2166
2168
2088
2170
2248
2245
2107
2180
2103
2318
2258
2328
2167
2246
2168
2341
2413
2412
2340
2341
2412
2316
2390
2341
2391
2392
2464
2464
2392
2465
2534
2464
2465
2463
2391
2464
2248
2247
2318
2245
2248
2317
2170
2169
2248
2258
2180
2257
2317
2248
2319
2181
2102
2103
2248
2169
2247
2170
2090
2091
2328
2401
2400
2533
2602
2554
2390
2463
2462
2465
2535
2534
2194
2117
2116
1710
1711
1784
1635
1710
1708
1635
1647
1710
1648
1647
1574
1648
1723
1647
1710
1647
1711
1862
1863
1783
1939
1893
1863
1668
1741
1667
1783
1742
1709
1818
1817
1742
2480
2549
2550
2409
2410
2482
2412
2413
2484
1665
1666
1592
1518
1593
1591
2127
2051
2050
3081
3136
3137
3399
3402
3365
3323
3320
3362
3432
3395
3430
3433
3432
3467
3396
3395
3432
3502
3470
3503
3515
3485
3502
3451
3417
3434
3486
3484
3514
3453
3450
3484
3516
3486
3514
3369
3371
3405
3368
3369
3404
3328
3285
3331
3285
3237
3286
3282
3285
3328
3236
3237
3285
3284
3329
3330
3345
3370
3329
3384
3406
3370
3416
3383
3417
3235
3189
3185
3283
3235
3234
3259
3283
3234
3329
3284
3283
3331
3286
3330
3328
3331
3369
3285
3286
3331
3188
3237
3187
3188
3238
3237
3283
3284
3235
3329
3370
3330
3384
3370
3345
3370
3406
3371
3210
3184
3159
3209
3210
3159
3258
3259
3210
3210
3234
3184
3223
3257
3258
3305
3329
3283
3304
3305
3259
3345
3329
3305
3416
3384
3382
3235
3284
3238
3185
3184
3234
3273
3224
3225
3224
3272
3223
3176
3224
3175
3176
3225
3224
3303
3344
3304
3272
3303
3257
3318
3344
3303
3319
3318
3273
3360
3344
3318
3275
3321
3274
3397
3434
3417
3360
3397
3383
3361
3398
3397
3319
3321
3361
3318
3319
3360
3274
3321
3319
3398
3435
3434
3363
3398
3361
3363
3400
3398
3343
3382
3345
3344
3343
3304
3344
3382
3343
3224
3223
3175
3303
3304
3257
3274
3319
3273
3383
3382
3344
3304
3343
3305
3210
3209
3258
3131
3159
3184
3107
3106
3158
3158
3106
3122
3174
3158
3122
3159
3107
3158
3177
3126
3178
3176
3177
3225
3125
3126
3177
3324
3322
3277
3319
3361
3360
3322
3321
3275
3322
3363
3321
3400
3363
3364
3401
3400
3364
3437
3435
3400
3383
3344
3360
3123
3066
3067
3223
3174
3175
3122
3066
3123
3470
3437
3472
3503
3470
3472
3502
3485
3469
3397
3360
3361
3401
3366
3402
3434
3397
3398
3324
3279
3325
3364
3322
3324
3225
3274
3273
3125
3177
3176
3226
3274
3225
3227
3226
3178
3227
3275
3226
3177
3178
3226
3000
2999
2939
2943
3004
2944
3059
3058
3000
3219
3228
3179
3169
3219
3179
3220
3269
3219
3058
3014
2999
3181
3180
3129
3073
3128
3129
3230
3279
3277
3179
3229
3181
3228
3278
3229
3014
3013
2954
3180
3178
3127
3072
3129
3127
3181
3229
3230
3013
2953
2954
3071
3013
3072
3071
3012
3013
3127
3071
3072
3126
3125
3070
3438
3472
3437
3237
3238
3286
3137
3188
3135
3137
3189
3188
3080
3137
3135
3136
3185
3189
3326
3280
3281
3098
3150
3151
3340
3299
3339
3300
3253
3299
3134
3078
3135
3133
3134
3186
3077
3078
3134
3260
3280
3306
3133
3183
3130
3233
3236
3282
3437
3401
3438
3303
3272
3318
3259
3258
3304
3223
3272
3257
3259
3305
3283
3136
3132
3185
3080
3081
3137
2896
2960
2897
3136
3079
3132
3081
3022
3021
3346
3385
3387
3156
3208
3207
3252
3299
3253
3204
3152
3203
3208
3156
3157
3256
3208
3253
3256
3207
3208
3104
3105
3157
3182
3130
3183
3202
3150
3201
3251
3202
3201
3151
3150
3202
3203
3152
3151
3252
3203
3251
3252
3204
3203
3099
3098
3151
3039
2980
3038
3098
3039
3097
3098
3040
3039
3250
3296
3251
3231
3250
3201
3260
3296
3250
3182
3232
3231
3306
3307
3260
3046
2986
2985
3097
3130
3150
3098
3097
3150
3038
3017
3076
3133
3186
3183
3300
3256
3253
3255
3256
3302
3255
3206
3207
3235
3185
3234
3238
3189
3235
3330
3286
3284
3187
3135
3188
3238
3188
3189
3300
3340
3341
3299
3252
3298
3104
3047
3105
3097
3038
3076
2985
2986
2923
3039
2985
2980
3046
2987
2986
3040
3046
2985
3039
3040
2985
3099
3046
3040
3099
3105
3046
3076
3077
3133
3097
3076
3130
3017
3077
3076
2979
2957
3017
2957
2895
2959
3346
3367
3385
3347
3346
3387
3326
3367
3346
3469
3485
3451
3435
3469
3434
3470
3502
3469
3437
3470
3435
3503
3530
3502
3561
3543
3540
3417
3383
3397
3451
3484
3450
3469
3451
3434
3485
3484
3451
3435
3470
3469
3515
3514
3485
3416
3382
3383
3450
3416
3417
3451
3450
3417
3453
3419
3450
3453
3418
3419
3486
3474
3452
3384
3345
3382
3419
3384
3416
3450
3419
3416
3418
3384
3419
3418
3406
3384
3286
3238
3284
3369
3368
3328
3236
3187
3237
3305
3343
3345
3258
3257
3304
3234
3210
3259
3209
3223
3258
3272
3273
3318
3379
3411
3413
3340
3379
3380
3340
3339
3379
2815
2810
2748
2954
2938
2999
3014
3073
3072
3000
3058
2999
3059
3116
3058
2826
2890
2889
2874
2827
2809
2874
2891
2827
2953
2891
2954
3014
3072
3013
2999
3014
2954
3058
3073
3014
2952
3011
2951
2824
2888
2823
2826
2825
2760
2889
2888
2825
2761
2826
2760
2890
2952
2889
2953
2890
2891
2950
3011
3010
2888
2951
2887
2889
2952
2951
2953
2952
2890
2953
3013
3012
2954
2891
2938
3066
3122
3065
3068
3069
3124
3174
3223
3209
3158
3174
3209
3123
3175
3174
3067
3124
3123
3009
3067
3066
3068
3010
3069
3009
3068
3067
3009
3010
3068
3224
3273
3272
2761
2760
2692
2827
2891
2890
2810
2874
2809
2743
2810
2809
2815
2875
2810
2875
2938
2874
2692
2623
2673
2742
2692
2673
2760
2691
2692
2826
2889
2825
2827
2826
2761
2827
2890
2826
2758
2823
2822
2759
2824
2757
2825
2888
2824
2950
3009
2949
2689
2756
2687
2937
2998
2940
3061
3060
3118
3117
3062
3119
2941
2878
2877
3001
2941
2940
2942
2878
2941
3062
3003
3061
2943
2879
2942
2490
2489
2558
2855
2792
2790
2918
2855
2854
2919
2858
2855
2658
2588
2589
2234
2233
2303
2653
2585
2584
2654
2655
2586
2448
2519
2518
2378
2450
2377
2303
2378
2302
2447
2374
2446
2376
2375
2449
2303
2301
2375
2520
2519
2450
2520
2589
2519
2374
2300
2373
2375
2301
2374
2520
2450
2449
2302
2234
2303
2233
2232
2301
2587
2586
2655
2722
2654
2653
2723
2790
2724
2797
2729
2730
2857
2796
2862
2791
2728
2796
2658
2660
2590
2727
2794
2795
2660
2727
2730
2658
2657
2726
2588
2658
2590
2658
2726
2727
2730
2727
2795
2587
2657
2589
2657
2725
2726
2726
2793
2794
2727
2726
2794
2657
2656
2725
2587
2656
2657
2520
2587
2589
2517
2586
2587
2724
2792
2725
2656
2724
2725
2655
2654
2723
2520
2517
2587
2723
2722
2789
2655
2723
2724
2654
2722
2723
2792
2858
2793
2793
2858
2859
2588
2521
2518
1933
2008
1935
2158
2159
2238
2165
2163
2241
2092
2165
2171
2092
2163
2165
1936
2012
1942
2165
2241
2243
2012
2010
2083
2238
2159
2237
2307
2308
2237
2084
2085
2011
2009
2084
2011
2160
2162
2084
2238
2160
2158
2164
2242
2240
2160
2164
2162
2239
2242
2164
2161
2085
2162
2086
2161
2163
2086
2012
2083
2158
2081
2159
2239
2160
2238
2082
2081
2158
2082
2009
2008
2160
2082
2158
2084
2009
2082
1937
1859
1860
1857
1933
1935
2008
2081
2082
1787
1786
1866
1867
1788
1787
1712
1706
1781
1639
1638
1713
1639
1564
1636
1707
1779
1781
1780
1778
1858
1934
1860
1858
1779
1705
1780
1779
1859
1781
1778
1857
1858
2386
2310
2382
2454
2525
2457
2308
2238
2237
2385
2308
2383
2385
2309
2308
2308
2239
2238
2164
2240
2162
2387
2311
2313
2162
2085
2084
2239
2164
2160
2240
2161
2162
2386
2383
2310
2454
2386
2382
2457
2526
2455
2455
2456
2385
2333
2387
2405
2311
2312
2241
2313
2311
2242
2387
2312
2311
2384
2456
2388
2333
2312
2387
2384
2309
2385
2454
2458
2525
2461
2405
2477
2466
2461
2532
2393
2389
2461
2240
2242
2311
2596
2664
2594
2525
2528
2595
2243
2312
2314
1859
1861
1781
1860
1859
1780
1858
1860
1780
1934
1937
1860
1937
1861
1859
2010
1937
1934
1936
1861
1937
2383
2308
2307
2241
2240
2311
2160
2084
2082
2240
2163
2161
3390
3428
3391
3349
3390
3353
3389
3427
3390
3351
3391
3350
3309
3351
3350
3353
3391
3351
3389
3390
3349
3428
3392
3391
3463
3427
3426
3495
3463
3461
3496
3462
3464
3497
3496
3464
3495
3497
3463
3495
3524
3497
3465
3498
3466
3464
3463
3497
3429
3464
3462
3427
3463
3464
3525
3499
3496
3526
3525
3496
3524
3526
3497
3524
3551
3526
3552
3527
3525
3584
3585
3571
3584
3596
3585
3314
3355
3312
3358
3359
3317
3393
3358
3354
3395
3396
3358
3358
3396
3359
3430
3395
3393
3430
3466
3432
3399
3362
3396
3320
3323
3276
3316
3320
3276
3359
3396
3362
3393
3395
3358
3362
3365
3323
3359
3362
3320
3399
3365
3362
3400
3435
3398
2896
2897
2832
2960
2958
3019
2961
2960
3021
2896
2958
2960
2766
2831
2832
2832
2831
2896
3019
3079
3021
3016
3019
2958
3016
3075
3019
2956
3015
3016
2894
2956
2958
2896
2894
2958
2830
2893
2894
2893
2892
2955
2894
2893
2956
2830
2829
2893
3075
3132
3079
3074
3075
3016
3074
3131
3075
3134
3135
3187
3218
3220
3171
3222
3221
3173
3270
3271
3317
3316
3268
3315
3221
3222
3270
3171
3168
3218
3222
3271
3270
2750
2681
2749
2877
2813
2812
2878
2879
2814
3000
3004
3059
2880
2944
2939
2881
2879
2943
3171
3119
3118
3170
3220
3219
3074
3049
3107
3069
3010
3011
3124
3069
3125
3124
3067
3068
3176
3124
3125
3175
3123
3124
2948
2886
2949
2886
2822
2823
3225
3177
3226
3175
3124
3176
3069
3011
3070
3065
3008
3066
2824
2759
2825
2758
2757
2824
2756
2689
2758
2754
2686
2755
2619
2550
2549
2618
2552
2621
2551
2550
2620
2619
2549
2553
2620
2619
2688
2620
2550
2619
2622
2619
2553
2757
2688
2690
2689
2687
2621
2951
2888
2889
2949
2887
2950
2886
2823
2887
3070
3071
3126
3069
3070
3125
3011
2952
3012
3227
3178
3180
3277
3227
3230
3275
3274
3226
3323
3278
3276
3325
3365
3366
2955
3015
2956
2893
2955
2956
2892
2929
2955
3170
3119
3171
3220
3170
3171
3219
3169
3170
3227
3277
3275
3181
3230
3180
3229
3279
3230
3000
2939
2944
2831
2894
2896
2765
2831
2766
2765
2830
2831
2627
2628
2559
2558
2626
2627
2764
2765
2696
2625
2693
2694
2829
2830
2764
2894
2831
2830
2697
2628
2696
3366
3365
3402
3401
3364
3366
3438
3401
3402
3437
3400
3401
3325
3278
3323
3366
3324
3325
3127
3126
3071
3127
3178
3126
3073
3129
3072
3169
3116
3117
3169
3128
3116
3229
3179
3228
3181
3128
3179
3181
3129
3128
3127
3129
3180
3073
3116
3128
3180
3230
3227
2852
2853
2788
3218
3268
3220
3359
3316
3315
3276
3269
3316
3324
3366
3364
3322
3275
3277
3363
3322
3364
3363
3361
3321
3277
3279
3324
3278
3325
3279
3323
3365
3325
3167
3172
3120
3214
3167
3163
3214
3264
3217
3317
3315
3270
3168
3171
3118
3121
3168
3115
3173
3221
3218
3121
3173
3168
3121
3172
3173
3268
3269
3220
3228
3276
3278
2834
2835
2769
2768
2722
2699
2854
2789
2833
2790
2723
2789
2854
2790
2789
2918
2854
2895
2918
2919
2855
2792
2724
2790
2631
2584
2562
2626
2695
2627
2557
2626
2558
2694
2693
2762
2696
2765
2697
3019
3075
3079
3015
3049
3074
2958
2956
3016
3048
2989
3007
2955
2990
3015
2929
2989
2990
3131
3184
3132
3107
3131
3074
3107
3159
3131
2920
2981
2976
2916
2915
2976
2921
2983
2982
2852
2788
2787
2926
2860
2925
2988
2926
2987
2861
2860
2926
3020
3022
3080
2959
2962
3020
3017
2957
3018
2895
2833
2898
2962
3022
3020
3078
3020
3080
3135
3078
3080
3077
3017
3018
3120
3121
3064
3012
3071
3070
3011
3012
3070
2952
2953
3012
2942
2879
2878
3003
2943
2942
3003
3004
2943
2941
3002
2942
3062
3004
3003
3119
3062
3061
3117
3116
3059
3000
2944
3004
2944
2881
2943
3228
3219
3269
3172
3121
3120
3060
3115
3118
3057
2998
3006
3060
3057
3115
3060
3001
3057
3169
3179
3128
3119
3170
3117
3117
3170
3169
3276
3228
3269
3278
3279
3229
3005
2945
2997
3064
3006
3063
3120
3064
3063
3115
3057
3064
3006
2998
2946
3111
3052
3054
3055
2996
3053
3113
3055
3112
3054
2995
3055
3110
3051
3052
3114
3110
3163
3056
3051
3110
3063
3056
3114
2997
3051
3056
3165
3164
3113
3165
3215
3214
3167
3120
3114
3268
3316
3269
3221
3268
3218
3270
3315
3268
3221
3270
3268
3317
3359
3315
3121
3115
3064
3222
3173
3172
3173
3218
3168
3168
3118
3115
3211
3160
3212
3263
3213
3261
3162
3160
3211
3112
3162
3165
3112
3109
3162
3267
3314
3312
3266
3267
3312
3264
3310
3267
2882
2818
2872
2883
2937
2873
3005
3006
2945
2998
3001
2940
2946
2998
2937
3006
3064
3057
2945
3006
2946
3005
3063
3006
2873
2876
2811
2741
2753
2808
2937
2876
2873
2945
2946
2883
2940
2876
2937
2174
2175
2096
2539
2608
2609
2470
2469
2539
2468
2537
2538
2099
2178
2100
2469
2468
2538
2674
2683
2743
2675
2674
2743
2604
2613
2674
2325
2326
2256
2324
2325
2254
2398
2326
2325
2611
2681
2612
2748
2683
2751
2100
2025
2024
2469
2397
2396
2327
2326
2398
2402
2329
2399
2260
2183
2255
2399
2329
2327
2331
2259
2260
2325
2324
2397
2256
2178
2254
2255
2179
2256
2327
2260
2326
2259
2184
2182
2101
2100
2179
2604
2535
2543
2612
2682
2614
1802
1728
1797
1651
1724
1650
1651
1725
1724
1504
1579
1578
1652
1726
1725
1654
1727
1653
1800
1799
1725
1801
1800
1726
1801
1878
1800
2031
2104
2106
2028
1957
1954
2029
2028
1954
2031
2032
2028
2102
2027
2103
1957
1881
1954
2027
1958
2032
1876
1941
1865
1882
1953
1876
1806
1882
1876
1883
1958
1882
2032
1958
1957
2027
1953
1958
2027
2016
1953
1955
1878
1879
2029
1955
1956
2029
1954
1955
2107
2032
2031
1804
1877
1881
1955
1954
1881
2104
2029
2030
1955
1881
1877
2104
2028
2029
2028
2032
1957
1876
1953
1941
1806
1876
1798
1806
1883
1882
1806
1805
1883
1729
1806
1798
1729
1730
1806
1804
1881
1805
1953
2016
1941
2103
2027
2032
2102
2091
2027
2180
2181
2103
2169
2170
2091
1940
1938
1864
1799
1724
1725
1805
1730
1804
1656
1724
1730
1801
1803
1878
1803
1801
1727
1802
1803
1728
1802
1880
1803
1956
2030
2029
1952
1956
1880
1951
1952
1875
1951
2025
2026
2260
2255
2326
2182
2183
2259
2177
2255
2183
2182
2177
2183
2106
2182
2184
2106
2104
2182
2101
2179
2177
1728
1721
1797
2554
2485
2533
2194
2193
2117
2340
2316
2341
2040
2014
2088
2534
2535
2605
2602
2534
2605
2533
2463
2464
2391
2319
2392
2390
2391
2463
2390
2317
2391
2391
2317
2319
2392
2400
2465
2318
2392
2319
2248
2318
2319
2247
2258
2318
2328
2400
2392
2318
2328
2392
2258
2330
2328
2181
2258
2247
2257
2330
2258
2400
2473
2465
2409
2482
2481
2336
2337
2408
2410
2480
2482
2410
2412
2480
2337
2338
2409
2340
2412
2410
2338
2340
2410
2265
2267
2337
2267
2340
2338
2194
2268
2193
2194
2168
2244
2246
2245
2317
2316
2246
2315
2168
2089
2088
2244
2168
2246
2316
2244
2246
2268
2194
2244
2194
2116
2168
2484
2485
2553
2412
2484
2480
2413
2485
2484
2332
2331
2404
1646
1580
1573
1880
1875
1952
1573
1568
1642
1646
1573
1642
1580
1505
1573
1649
1724
1656
1648
1581
1655
1650
1578
1651
1576
1577
1650
1582
1576
1649
1655
1582
1649
1506
1576
1582
1506
1499
1500
1501
1502
1577
1651
1652
1725
1652
1653
1726
1579
1652
1651
1579
1653
1652
1505
1579
1504
1505
1580
1579
1580
1654
1653
1785
1784
1711
1865
1785
1798
1864
1784
1785
1957
1883
1881
1655
1729
1723
1656
1730
1729
1574
1575
1648
1559
1562
1633
1581
1506
1582
1575
1581
1648
1575
1506
1581
1498
1499
1575
1420
1498
1421
1420
1346
1422
1422
1346
1347
1423
1422
1347
1424
1423
1347
1500
1499
1423
1498
1420
1422
1496
1490
1568
1573
1496
1568
1505
1428
1496
1653
1579
1580
1428
1419
1496
1504
1428
1505
1427
1426
1351
1413
1419
1352
1503
1426
1427
1499
1498
1422
1423
1499
1422
1501
1500
1424
1501
1576
1500
1575
1574
1497
1259
1184
1198
1332
1259
1272
1344
1345
1272
1329
1256
1259
1403
1329
1332
1345
1406
1332
1405
1331
1403
1257
1292
1219
1331
1330
1258
1331
1404
1330
1329
1331
1258
1404
1482
1443
1257
1330
1292
1329
1258
1256
1329
1403
1331
1202
1128
1129
1201
1200
1275
1127
1126
1200
1201
1127
1200
1199
1125
1127
1339
1413
1338
1340
1339
1267
1340
1414
1339
1948
1872
1947
1873
1874
1949
1873
1796
1874
1077
1151
1152
1449
1525
1450
1472
1396
1394
1450
1472
1394
1450
1526
1472
1299
1226
1298
1372
1299
1371
1449
1372
1371
1448
1449
1371
1524
1525
1449
1450
1394
1372
1246
1171
1226
1319
1246
1299
1319
1248
1246
1525
1599
1600
1372
1449
1450
1524
1599
1525
1600
1674
1601
1747
1674
1673
1551
1623
1625
1600
1601
1526
1674
1747
1748
1673
1674
1600
1747
1824
1748
1396
1474
1473
1474
1551
1550
1472
1474
1396
1549
1551
1474
1624
1552
1550
1551
1624
1550
1675
1697
1623
1897
1821
1824
1825
1900
1850
1821
1825
1749
1896
1900
1825
1821
1896
1825
1675
1748
1749
1897
1896
1821
1897
1971
1896
1900
1896
1905
1552
1626
1554
2299
2230
2298
2300
2231
2299
2301
2232
2300
2304
2295
2235
1776
1774
1853
2153
2154
2078
2053
2080
2131
2154
2079
2078
2294
2297
2368
2225
2294
2291
2221
2147
2225
2293
2224
2291
2146
2147
2221
2293
2290
2224
2069
1996
1997
2147
2069
2070
2068
1996
2069
2150
2228
2225
2131
2206
2148
2235
2302
2304
2295
2304
2369
2227
2295
2296
2235
2234
2302
2226
2235
2295
2206
2157
2235
2226
2206
2235
2131
2080
2157
2005
2077
2078
2079
2006
2078
1853
1774
1851
1975
1929
1927
1776
1855
1775
1777
1856
1831
1853
1851
1927
2152
2077
2076
2157
2234
2235
2131
2157
2206
2156
2234
2157
2079
2156
2080
2233
2234
2156
1929
1853
1927
2004
1929
1975
1854
1853
1929
1931
1855
1930
1855
1777
1775
1930
1855
1854
1856
1777
1855
2124
2201
2151
2048
2124
2075
2200
2201
2124
2123
2200
2124
2123
2199
2200
2047
2123
2048
2047
2121
2122
2198
2273
2199
2347
2274
2346
2346
2274
2273
2576
2506
2509
1899
1972
1897
1382
1308
1307
1535
1534
1608
1383
1308
1382
1459
1383
1382
1384
1309
1383
1460
1384
1383
1690
1691
1763
907
837
836
1123
1125
1197
1048
1123
1124
1049
1125
1123
896
837
907
1107
1036
1110
1184
1181
1110
1035
1033
1107
893
895
822
1198
1197
1271
1184
1124
1198
1272
1259
1198
1109
1108
1035
1181
1109
1107
1181
1183
1109
1217
1216
1143
1219
1217
1145
1290
1362
1289
1036
966
977
1107
1033
1036
1109
1035
1107
1145
1108
1182
1070
1034
1108
1034
1000
964
1108
1034
1035
1070
1000
1034
1035
1034
965
1048
1047
1123
1110
1036
1048
1184
1110
1124
1183
1256
1258
1109
1183
1182
1181
1256
1183
1110
1181
1107
1184
1256
1181
977
1047
1048
1036
977
1048
1124
1110
1048
1033
966
1036
2307
2310
2383
2871
2865
2930
2936
2945
2882
2936
2997
2945
2931
2992
2936
2866
2931
2872
2868
2932
2931
2992
2997
2936
2993
3051
2992
3054
3052
2994
3054
3113
3111
3111
3113
3164
3163
3111
3164
3110
3052
3111
3056
3110
3114
2806
2865
2871
3463
3426
3461
3428
3427
3464
3392
3428
3429
3391
3357
3352
3390
3391
3353
3392
3357
3391
3389
3426
3427
3428
3390
3427
3114
3120
3063
3114
3163
3167
3005
3056
3063
3005
2997
3056
3217
3264
3266
3164
3214
3163
3164
3165
3214
3214
3215
3264
3160
3108
3161
3054
3055
3113
3109
3108
3160
3162
3109
3160
3053
3108
3109
3160
3161
3212
3261
3211
3212
3112
3053
3109
3217
3266
3222
3167
3217
3172
3167
3214
3217
3263
3264
3215
3263
3310
3264
3350
3391
3352
3317
3354
3358
3317
3313
3354
3320
3316
3359
3271
3313
3317
3266
3264
3267
3172
3217
3222
3267
3310
3314
3310
3352
3314
3356
3352
3357
3355
3314
3356
3271
3312
3313
3271
3266
3312
3271
3222
3266
3308
3309
3350
3310
3308
3350
3261
3212
3262
3263
3261
3308
3355
3394
3354
3352
3356
3314
3357
3394
3356
3353
3311
3349
3353
3351
3311
3310
3350
3352
3310
3263
3308
3265
3311
3309
3392
3394
3357
3351
3309
3311
3402
3399
3436
3394
3393
3354
3355
3356
3394
3313
3355
3354
3313
3312
3355
3392
3431
3394
3465
3462
3496
3431
3465
3466
3431
3462
3465
3392
3429
3431
3496
3497
3526
3574
3588
3578
3541
3558
3561
3556
3529
3555
3554
3572
3555
3573
3575
3556
3588
3575
3587
3558
3531
3557
3561
3558
3574
3541
3530
3558
3611
3609
3613
3553
3526
3551
3468
3500
3501
3465
3496
3498
3430
3431
3466
3429
3428
3464
3608
3609
3599
3552
3554
3527
3552
3571
3554
3571
3553
3570
3597
3608
3598
3552
3525
3526
2806
2800
2865
2935
2995
2934
2738
2739
2806
2871
2870
2806
2737
2668
2669
2805
2737
2738
2735
2668
2737
