190
223
224
101
100
73
303
299
264
191
155
156
225
264
260
28
27
8
15
5
4
35
37
57
16
35
36
15
7
17
14
5
15
30
50
49
36
57
38
10
16
29
16
14
35
58
82
57
6
3
14
14
3
5
50
72
49
9
1
6
110
138
114
132
133
104
139
138
111
133
164
139
104
133
111
110
84
111
103
132
104
132
164
133
102
132
103
102
119
132
234
199
200
242
234
274
205
199
234
281
320
319
236
275
274
234
236
274
200
235
236
314
353
313
138
139
169
475
481
443
437
475
436
437
438
475
554
556
515
475
443
436
632
668
669
670
632
669
561
555
520
562
561
520
521
562
520
599
634
597
598
593
561
594
595
557
554
555
593
480
478
442
627
633
666
596
560
595
558
517
559
553
552
591
592
553
591
589
551
553
511
517
552
516
478
480
559
516
518
517
479
516
558
552
517
596
558
559
596
590
558
511
472
479
632
595
594
668
632
631
633
627
596
632
633
595
670
666
633
593
598
631
711
712
745
709
711
743
637
636
601
674
637
638
673
636
637
115
142
143
278
239
279
282
322
318
404
443
442
168
202
176
278
277
239
239
277
237
43
65
44
44
65
60
201
168
167
173
201
166
203
237
201
203
239
237
244
240
207
244
279
240
60
41
44
89
115
112
86
61
60
157
159
192
156
157
191
156
127
157
267
264
227
418
456
457
728
727
759
758
729
760
659
691
656
306
305
344
345
306
344
342
303
306
342
379
338
338
341
302
299
338
302
303
342
338
6
0
3
47
46
70
28
8
9
20
33
12
40
39
62
18
20
12
18
39
20
112
86
85
89
112
85
115
140
112
172
140
143
240
203
207
83
108
90
66
83
90
59
82
83
81
107
82
56
81
58
56
80
81
107
108
82
137
167
135
116
145
117
167
144
136
168
176
144
17
34
37
113
137
109
107
136
108
58
81
82
135
136
107
109
135
105
137
166
167
145
144
176
87
61
86
109
105
87
86
113
87
137
135
109
141
166
137
167
168
144
135
167
136
166
201
167
141
172
173
113
141
137
140
172
141
173
203
201
40
33
20
87
79
62
56
58
37
55
80
56
80
106
81
55
79
80
34
55
56
54
79
55
105
106
80
33
13
11
16
10
6
15
35
14
36
29
16
36
35
57
49
69
46
4
2
7
7
15
4
18
19
39
33
11
12
9
8
1
0
6
1
68
97
67
23
41
39
25
44
24
22
21
42
24
23
19
44
23
24
114
89
88
41
23
44
53
63
42
208
207
175
245
244
208
280
245
241
282
244
245
279
239
240
84
64
78
104
84
78
110
88
84
65
88
89
63
64
88
85
65
89
43
22
42
65
43
63
88
65
63
85
60
65
22
25
21
44
22
43
44
25
22
111
84
104
32
53
31
53
51
76
63
53
64
32
51
53
624
657
620
587
625
588
663
657
624
468
465
506
546
585
586
547
546
586
543
580
546
471
432
470
586
623
587
580
585
546
610
618
622
585
610
622
580
618
610
542
580
543
622
655
660
614
618
580
614
650
618
427
419
388
470
472
510
389
428
430
429
390
430
146
118
117
211
178
177
147
118
146
389
350
391
177
146
145
17
35
15
38
50
30
82
59
57
66
50
59
91
66
90
38
30
29
59
38
57
59
50
38
73
50
66
73
72
50
238
210
202
246
284
273
233
246
273
212
248
249
179
212
209
286
285
325
211
248
212
276
238
277
285
276
287
247
238
276
211
247
248
211
177
210
176
202
210
286
323
284
249
286
284
212
249
246
248
286
249
248
285
286
210
238
247
211
210
247
177
176
210
325
362
323
366
404
365
327
366
365
397
404
366
317
357
356
278
317
316
278
318
317
437
436
397
402
433
393
363
402
393
401
440
402
246
209
212
312
273
284
323
324
284
351
311
312
272
271
233
310
271
272
311
310
272
349
309
310
430
390
389
427
458
419
301
300
340
268
301
307
261
300
301
226
194
228
268
265
228
266
227
226
270
232
271
229
230
261
189
161
163
229
196
230
195
160
161
229
195
196
193
194
159
160
193
158
228
194
193
229
228
195
229
268
228
231
232
198
270
230
232
300
269
308
261
230
269
178
146
177
179
147
178
197
179
209
162
147
179
118
91
117
131
118
147
101
91
118
145
176
177
40
54
33
39
40
20
62
54
40
41
62
39
79
105
80
62
79
54
87
105
79
82
108
83
33
34
13
57
37
58
54
34
33
35
17
37
7
13
17
249
284
246
325
323
286
287
325
285
326
365
364
362
324
323
364
401
362
325
364
362
365
403
364
324
312
284
363
324
362
352
312
324
431
391
392
351
312
352
392
351
352
428
391
431
428
389
391
350
349
310
391
350
351
389
349
350
60
61
41
106
107
81
135
106
105
135
107
106
144
116
136
66
91
73
136
116
108
117
91
90
13
2
11
34
56
37
13
34
17
54
55
34
7
2
13
480
518
516
629
591
628
667
629
628
665
664
626
503
542
543
471
510
503
433
470
432
472
511
510
433
472
470
433
441
472
511
551
510
551
578
542
552
551
511
589
578
551
592
626
589
629
592
591
629
626
592
614
578
589
614
580
578
247
285
248
237
238
202
277
316
276
356
397
355
318
322
357
279
318
278
279
282
318
361
322
321
400
361
360
357
322
361
276
285
247
355
327
316
326
325
287
276
316
287
237
277
238
278
316
277
86
60
85
201
202
168
116
144
145
90
116
117
90
108
116
519
518
481
514
556
519
590
628
591
552
590
591
596
627
590
317
356
355
318
357
317
283
322
282
321
360
361
361
400
398
357
361
398
321
359
360
283
321
322
364
403
401
327
365
326
287
327
326
355
397
366
404
403
365
443
404
436
442
478
440
403
442
440
443
480
442
480
443
481
316
327
287
317
355
316
355
366
327
441
402
440
392
432
431
362
401
363
433
432
393
442
403
404
441
440
478
441
433
402
42
21
31
53
42
31
63
43
42
78
64
53
74
77
52
110
114
88
64
84
88
111
138
110
120
92
93
75
93
92
183
182
150
151
184
181
214
216
184
183
214
182
215
252
214
216
185
184
216
217
185
289
253
252
254
255
250
289
254
253
289
290
254
254
250
217
180
200
199
181
180
148
149
181
148
185
213
181
213
200
180
213
185
217
250
213
217
235
200
213
152
121
122
119
102
92
77
103
76
102
77
74
102
103
77
92
102
75
119
134
132
120
119
92
149
148
119
121
151
120
181
213
180
164
170
139
120
149
119
199
170
164
133
139
111
78
76
103
93
121
120
102
74
75
76
78
53
52
76
51
52
77
76
103
104
78
165
199
164
134
165
164
132
134
164
119
148
134
148
180
165
319
280
281
181
184
185
120
151
149
152
184
151
121
152
151
122
150
152
313
353
320
235
275
236
275
288
315
313
274
314
235
250
275
181
149
151
199
165
180
165
134
148
250
288
275
371
368
407
256
218
220
250
235
213
215
218
252
254
217
253
186
215
183
186
188
218
208
241
245
207
208
244
174
204
208
208
204
241
175
174
208
172
175
207
172
143
175
143
142
174
174
142
169
175
143
174
173
172
207
173
166
141
115
89
114
140
115
143
140
113
112
114
138
142
171
205
206
170
171
139
245
283
282
243
280
241
206
243
241
242
281
243
281
313
320
243
281
280
242
274
281
245
280
283
279
244
282
206
205
242
204
206
241
204
171
206
481
475
514
404
397
436
359
320
358
280
319
283
206
242
243
170
205
171
170
199
205
234
200
236
474
439
435
476
477
515
476
438
477
439
399
435
437
398
438
360
359
399
398
356
357
438
398
400
437
397
398
283
319
321
358
353
394
274
275
314
281
274
313
242
205
234
405
395
406
444
405
446
444
434
405
358
394
396
353
354
394
395
394
354
367
395
354
473
482
512
396
434
435
446
482
444
475
438
476
476
515
514
475
476
514
438
439
477
397
356
398
477
439
474
400
439
438
400
399
439
630
635
668
631
630
668
631
598
630
513
554
515
597
561
562
513
555
554
513
512
555
378
375
414
297
334
296
256
220
257
291
256
294
331
291
294
329
289
291
251
252
218
289
251
256
289
252
251
186
218
215
187
219
220
257
219
221
256
251
218
290
289
329
290
255
254
218
188
220
295
258
259
373
378
411
449
410
411
372
337
373
373
337
378
369
372
407
368
369
407
331
333
369
333
337
372
298
334
337
376
413
414
335
376
377
374
413
376
415
451
411
258
221
259
293
258
295
257
221
258
293
294
258
372
369
333
294
257
258
329
291
331
291
289
256
220
219
257
259
296
295
376
335
374
293
333
294
298
293
295
298
333
293
331
369
368
256
257
294
298
337
333
334
298
295
378
414
415
410
372
373
411
410
373
447
407
410
337
375
378
296
334
295
336
377
375
314
354
353
328
367
354
288
328
315
332
367
328
445
484
446
405
406
446
408
371
409
408
445
406
407
409
371
448
445
408
447
448
409
485
484
448
484
483
446
448
484
445
485
486
523
297
335
336
334
297
336
220
188
187
214
252
216
139
171
169
359
319
320
142
115
114
169
171
204
174
169
204
142
138
169
201
237
202
207
203
173
240
239
203
61
87
62
41
61
62
113
140
141
87
113
109
86
112
113
39
19
23
47
48
28
499
501
538
498
461
499
649
613
615
386
425
422
534
535
574
494
534
495
496
497
536
494
496
534
494
459
496
417
418
381
380
417
381
420
459
456
227
192
194
194
192
159
267
227
266
225
192
227
225
191
192
390
349
389
427
388
429
347
382
380
339
308
347
348
388
347
429
388
390
419
382
388
459
420
458
348
309
349
390
348
349
388
382
347
420
382
419
347
308
348
385
343
346
385
344
343
264
225
227
388
348
390
308
309
348
380
339
347
300
261
269
307
301
340
308
269
270
271
310
309
381
418
387
380
381
340
339
380
340
300
339
340
300
308
339
382
417
380
382
420
417
458
420
419
459
494
456
146
117
145
660
690
697
700
717
684
735
765
734
701
736
735
796
822
819
794
796
819
798
822
796
790
789
762
767
768
797
736
767
766
735
736
766
701
702
736
737
768
767
792
813
817
764
792
791
789
813
792
731
761
730
724
731
697
762
761
731
780
762
753
731
730
697
789
761
762
789
763
761
724
753
731
661
662
623
622
661
623
696
698
661
732
698
730
660
661
622
699
662
698
588
620
582
733
726
699
506
547
548
469
468
509
505
503
543
465
505
506
465
471
505
431
465
428
505
543
546
661
698
662
697
696
660
730
698
696
466
458
427
624
625
663
575
581
611
535
575
574
535
536
575
582
620
584
504
507
545
625
587
623
662
625
623
624
588
625
549
588
582
663
625
662
549
550
588
586
585
623
548
586
587
547
505
546
726
757
727
693
726
727
728
695
694
658
657
692
699
698
732
692
699
726
663
662
699
471
431
432
510
471
470
503
505
471
730
696
697
699
732
733
272
273
312
311
272
312
350
311
351
350
310
311
271
231
233
629
667
665
552
558
590
627
666
628
661
660
696
585
622
623
585
580
610
479
441
478
511
479
517
472
441
479
684
690
655
465
468
428
655
690
660
622
618
655
618
650
655
892
893
914
865
879
882
848
849
872
794
795
765
846
844
820
845
846
819
845
869
846
858
841
844
865
864
841
841
840
815
822
849
848
765
766
794
790
780
793
735
700
701
765
735
766
734
700
735
753
734
765
753
724
734
797
821
823
767
797
798
768
769
799
908
919
909
887
889
908
888
887
908
868
869
887
879
858
868
898
879
888
868
844
846
865
858
879
865
841
858
848
870
869
910
919
908
701
664
665
889
870
890
700
664
701
636
672
634
599
601
636
770
800
785
756
770
785
769
756
785
769
738
756
740
707
741
741
771
770
740
741
770
707
708
741
637
674
673
743
772
742
801
802
827
742
772
771
743
773
772
802
772
773
672
635
634
708
672
673
671
635
672
593
594
556
519
560
518
514
519
481
557
560
519
556
557
519
515
556
514
554
593
556
594
631
632
556
594
557
593
631
594
742
708
709
706
705
740
671
672
708
590
627
628
560
596
559
595
633
596
557
595
560
632
670
633
766
767
798
665
702
701
704
703
739
666
704
667
739
769
768
704
739
737
738
769
739
770
771
800
706
740
738
739
703
738
670
669
706
705
668
671
826
827
852
756
740
770
801
772
802
826
801
827
771
772
801
666
667
628
888
908
909
793
815
790
885
864
865
885
883
864
911
892
914
577
576
540
686
718
719
792
817
791
839
862
838
815
839
814
840
863
839
842
817
838
617
646
611
544
583
581
653
654
617
504
497
466
544
504
545
584
583
545
581
575
544
536
497
504
689
688
723
654
689
687
654
646
617
723
751
752
694
659
693
723
688
721
619
581
583
725
751
721
659
658
693
695
659
694
656
621
659
657
663
692
588
624
620
692
726
693
658
692
693
663
699
692
759
760
728
729
758
754
757
786
759
755
754
783
779
755
781
751
725
755
788
787
760
725
754
755
752
750
722
694
693
727
728
694
727
691
721
688
695
691
659
695
725
691
729
695
728
725
721
691
621
584
620
658
621
620
619
617
581
656
619
621
656
682
647
653
689
654
682
688
653
691
682
656
691
688
682
723
722
689
611
609
575
620
657
658
718
686
687
534
574
533
649
683
648
577
539
541
651
686
685
683
651
685
759
727
757
719
685
686
652
616
646
649
615
651
616
611
646
579
616
615
579
573
609
469
467
429
430
469
429
509
508
469
791
810
786
752
779
750
723
752
722
687
689
722
721
751
723
652
686
651
581
617
611
654
686
652
647
619
656
653
647
682
653
619
647
689
653
688
617
619
653
687
686
654
754
758
783
782
755
783
729
728
760
725
729
754
725
695
729
751
755
779
722
720
687
720
718
687
649
651
683
613
579
615
612
613
648
612
576
577
609
574
575
616
609
611
616
579
609
648
613
649
541
502
533
461
460
422
455
413
453
750
720
722
885
882
901
884
862
863
839
838
813
863
862
839
864
863
840
883
884
863
884
866
862
717
690
684
762
731
753
697
690
724
882
898
899
795
818
793
819
795
794
819
846
820
868
858
844
869
868
846
888
879
868
841
818
844
841
815
818
883
863
864
815
793
818
839
815
840
814
790
815
780
753
765
793
780
765
790
762
780
809
800
826
799
785
809
821
799
824
797
768
799
756
738
740
889
910
908
888
868
887
869
870
889
872
870
848
890
910
889
898
902
899
882
879
898
885
865
882
864
840
841
888
902
898
680
681
645
714
680
678
714
716
680
775
773
745
829
831
832
804
829
828
804
776
805
803
773
775
851
874
852
802
825
827
828
853
851
854
853
875
874
854
875
851
853
854
775
774
804
831
830
855
853
829
832
805
778
806
856
877
876
875
856
876
832
855
856
715
679
681
715
710
679
749
715
716
747
744
715
744
713
710
746
713
744
745
746
775
745
712
746
712
676
713
749
716
748
778
749
777
830
831
806
713
746
712
804
828
803
776
804
774
805
831
829
804
805
829
776
778
805
744
747
774
805
806
831
639
640
676
566
602
600
568
604
602
492
531
528
605
606
604
678
645
641
598
634
635
630
598
635
593
555
561
482
520
512
597
634
598
561
597
598
562
599
597
639
676
675
638
639
675
602
640
639
636
673
672
599
636
634
601
638
637
565
601
599
600
602
638
674
675
711
642
677
640
710
713
677
749
747
715
774
746
744
778
776
749
775
746
774
677
679
710
676
677
713
642
679
677
681
716
715
745
743
711
642
643
679
604
642
640
644
681
679
800
801
826
716
714
748
571
607
605
641
608
603
376
414
377
453
413
412
455
414
413
453
412
454
487
492
454
377
336
335
412
413
374
492
455
453
450
488
486
452
451
415
455
452
415
491
490
452
490
530
529
450
451
488
449
450
486
411
451
450
492
453
454
492
491
455
493
531
492
526
493
487
526
532
493
532
567
572
447
485
448
415
414
455
491
452
455
411
378
415
447
410
449
375
334
336
414
375
377
337
334
375
486
485
449
411
450
449
488
525
486
572
567
603
608
572
603
607
571
572
532
531
493
567
532
526
571
531
532
572
571
532
643
607
644
679
643
644
606
605
643
642
606
643
642
604
606
569
570
530
643
605
607
604
570
605
569
530
528
492
487
493
328
288
292
314
315
354
314
275
315
330
292
290
329
330
290
368
332
330
354
315
328
250
255
288
184
152
182
214
183
215
214
184
182
253
216
252
253
217
216
152
150
182
332
370
367
292
332
328
255
292
288
255
290
292
292
330
332
331
294
333
368
371
332
332
371
370
329
368
330
329
331
368
447
449
485
407
447
409
407
372
410
525
564
523
406
445
446
367
406
395
367
370
406
474
473
512
477
474
513
435
473
474
515
477
513
434
394
395
473
434
444
396
394
434
399
396
435
358
320
353
399
358
396
359
321
319
399
359
358
399
400
360
524
564
563
522
524
563
523
564
524
485
523
484
486
525
523
562
563
599
482
521
520
483
522
521
568
566
527
562
521
563
563
564
565
599
563
565
522
484
523
521
522
563
483
484
522
446
483
482
473
435
434
482
473
444
512
513
474
408
406
370
371
408
370
409
448
408
522
523
524
525
527
566
395
405
434
608
644
607
572
608
607
641
645
608
917
910
920
872
849
871
893
872
871
892
890
870
875
894
874
856
875
853
876
895
875
913
923
914
854
874
851
915
894
895
878
874
894
897
878
894
891
873
878
893
891
913
873
857
878
895
916
915
896
895
876
916
924
915
847
871
849
704
702
667
872
892
870
626
614
589
684
650
664
684
655
650
803
802
773
775
804
803
825
851
827
828
825
803
828
851
825
803
825
802
737
739
768
705
671
707
671
668
635
708
707
671
709
708
673
742
771
741
708
742
741
709
743
742
705
706
669
668
705
669
707
740
705
850
873
871
850
824
834
857
850
834
871
847
850
706
703
670
823
849
822
823
847
849
799
821
797
824
847
821
769
785
799
826
852
834
809
826
834
824
809
834
785
800
809
800
771
801
872
893
892
824
850
847
873
893
871
702
665
667
737
702
704
737
736
702
542
578
580
503
510
542
547
506
505
465
431
471
510
551
542
478
516
479
552
553
551
626
664
650
553
592
589
629
665
626
518
480
481
559
518
560
559
517
516
703
706
738
666
703
704
666
670
703
626
650
614
178
212
179
146
178
147
211
212
178
363
393
352
324
363
352
401
402
363
325
326
364
403
440
401
392
393
432
351
392
391
352
393
392
850
857
873
799
809
824
852
857
834
512
520
555
645
644
608
680
645
678
681
644
645
777
749
748
640
677
676
715
744
710
776
747
749
776
774
747
680
716
681
777
806
778
773
743
745
600
565
564
638
601
600
712
675
676
674
709
673
675
674
638
602
639
638
712
711
675
711
709
674
601
565
600
521
482
483
528
491
492
569
528
531
571
569
531
605
570
569
530
491
528
571
605
569
490
489
488
570
529
530
570
568
529
568
570
604
568
527
529
640
602
604
566
564
525
602
566
568
600
564
566
525
488
527
490
451
452
530
490
491
489
527
488
529
489
490
529
527
489
490
488
451
829
853
828
855
832
831
855
877
856
910
912
920
911
921
912
873
891
893
923
921
914
923
925
921
917
919
910
915
924
923
897
913
891
878
897
891
894
915
897
923
924
926
925
923
926
874
878
857
923
913
915
914
893
913
922
921
925
876
877
896
916
895
896
851
852
827
895
894
875
897
915
913
852
874
857
899
901
882
919
917
909
902
888
909
912
921
922
920
912
922
911
890
892
921
911
914
912
890
911
910
890
912
823
798
797
847
823
821
822
798
823
845
819
822
869
845
848
869
889
887
796
766
798
796
794
766
848
845
822
820
818
795
819
820
795
844
818
820
795
793
765
853
832
856
906
904
885
901
906
885
836
860
837
812
836
837
811
812
837
788
810
812
816
817
843
810
816
836
810
791
816
843
867
860
836
843
860
817
842
843
843
842
867
836
816
843
733
764
757
761
732
730
761
763
732
814
813
790
763
733
732
792
763
789
764
733
763
792
764
763
791
786
764
838
862
842
813
789
790
839
813
814
838
817
813
884
905
886
886
907
903
880
881
900
886
905
907
767
736
737
717
700
734
724
717
734
724
690
717
684
664
700
904
918
905
885
904
883
906
918
904
886
867
866
881
860
867
886
881
867
880
861
881
786
788
759
764
786
757
810
788
786
817
816
791
812
811
787
833
808
811
837
860
861
835
837
859
862
866
842
905
884
883
904
905
883
918
907
905
866
867
842
784
783
758
835
833
811
833
807
808
467
466
427
429
467
427
549
582
545
508
550
549
550
587
588
507
508
549
548
547
586
509
548
550
509
506
548
468
506
509
430
468
469
430
428
468
548
587
550
757
726
733
533
574
573
496
535
534
458
497
459
466
507
504
536
544
575
496
536
535
504
544
536
507
549
545
467
507
466
508
509
550
467
508
507
467
469
508
583
621
619
545
583
544
584
621
583
582
584
545
621
658
659
783
807
782
788
760
759
836
812
810
787
758
760
812
787
788
811
808
787
835
811
837
784
758
787
808
784
787
808
807
784
781
755
782
751
779
752
784
807
783
861
859
837
881
861
860
880
859
861
886
900
881
884
886
866
903
900
886
416
422
421
383
416
421
384
422
416
345
384
342
267
266
305
303
267
306
303
264
267
385
386
345
345
386
384
424
462
463
386
424
425
423
462
424
387
423
385
387
418
426
340
381
346
387
426
423
461
463
499
346
387
385
464
495
502
462
464
500
457
495
464
463
462
500
501
463
500
425
424
463
422
425
461
386
385
424
384
386
422
385
423
424
539
501
500
539
540
501
425
463
461
538
540
576
499
538
537
501
540
538
577
579
613
502
541
539
573
579
541
533
573
541
495
533
502
495
534
533
574
609
573
577
613
612
539
577
540
541
579
577
576
537
538
537
498
499
498
460
461
460
421
422
379
383
341
338
379
341
342
384
379
299
263
260
338
299
303
302
263
299
464
462
426
539
500
502
501
499
463
381
387
346
456
418
417
420
456
417
494
457
456
426
462
423
457
426
418
457
464
426
495
457
494
464
502
500
416
379
384
343
305
304
346
343
307
344
305
343
345
344
385
345
342
306
652
615
616
654
652
646
651
615
652
459
497
496
497
458
466
260
263
224
223
260
224
264
299
260
416
383
379
101
73
91
154
159
127
128
154
124
98
128
99
70
98
99
129
100
130
69
94
98
69
72
94
265
304
266
193
195
228
262
301
268
229
262
268
229
261
262
130
163
161
130
131
163
189
163
198
232
222
198
196
161
189
270
309
308
230
270
269
271
309
270
153
129
161
158
128
160
128
98
123
101
130
100
307
304
268
162
198
163
162
179
197
157
192
191
124
154
127
267
305
306
222
230
196
198
222
189
232
230
222
193
160
195
159
158
193
159
154
158
153
161
160
304
305
266
304
307
343
196
195
161
301
262
261
265
266
226
228
265
226
268
304
265
227
194
226
158
154
128
222
196
189
340
346
307
124
127
97
68
95
97
99
128
124
69
98
70
123
94
100
72
100
94
131
147
162
163
131
162
101
118
131
47
70
71
9
26
28
46
69
70
29
46
26
49
72
69
29
49
46
83
66
59
29
30
49
29
36
38
73
100
72
6
10
9
45
68
67
45
27
48
10
26
9
14
16
6
29
26
10
155
191
190
126
156
155
99
71
70
125
97
127
125
96
97
96
125
126
160
128
153
101
131
130
231
271
232
197
231
198
162
197
198
209
231
197
233
273
272
209
233
231
209
246
233
223
191
225
260
223
225
190
191
223
129
130
161
123
129
153
128
123
153
98
94
123
123
100
129
157
127
159
156
125
127
95
68
71
99
95
71
124
97
95
124
95
99
68
45
48
47
28
26
46
47
26
48
27
28
71
48
47
71
68
48
126
125
156
96
67
97
