21
16
31
34
21
31
8
16
21
26
42
41
42
51
58
41
42
58
26
20
34
83
85
103
87
82
102
47
45
29
82
65
83
82
70
65
26
34
42
34
49
51
42
34
51
20
8
21
236
242
239
46
28
30
109
89
90
130
150
151
109
130
122
131
150
130
110
131
130
110
125
131
84
105
104
145
146
166
131
145
150
131
125
145
104
105
125
90
104
110
90
84
104
126
146
145
106
85
89
109
106
89
122
124
106
67
47
52
73
89
72
66
73
54
90
89
73
106
103
85
145
125
126
143
158
140
124
143
123
141
144
124
122
141
124
130
151
141
109
110
130
166
185
169
122
130
141
184
164
169
123
102
103
124
123
103
121
127
107
10
22
13
3
10
13
12
23
10
35
29
22
72
52
54
67
85
83
65
67
83
52
72
67
36
52
35
72
85
67
45
31
27
79
61
62
63
80
64
91
74
79
97
91
79
101
111
91
5
11
16
191
180
195
209
207
195
178
161
175
178
172
161
217
229
228
206
217
203
208
220
217
193
207
208
209
221
219
153
154
134
190
206
203
173
190
174
189
206
190
172
189
173
193
206
189
173
174
155
116
101
97
117
115
98
135
155
136
155
135
154
132
126
112
120
132
111
101
120
111
116
135
136
147
126
132
191
178
175
191
175
180
117
98
99
138
153
137
115
135
116
98
81
99
118
117
99
92
93
75
74
92
75
91
111
92
115
134
135
97
115
116
117
134
115
111
93
92
111
112
93
116
120
101
136
155
147
132
136
147
120
116
136
126
125
105
134
154
135
118
137
117
153
161
172
137
153
134
117
137
134
118
138
137
138
156
153
80
79
64
81
80
63
97
101
91
98
97
80
98
115
97
79
62
64
98
80
81
61
57
44
61
44
62
153
172
154
156
161
153
156
175
161
57
38
40
74
57
61
74
91
92
229
220
230
120
136
132
186
190
203
154
173
155
172
178
189
166
150
145
147
167
146
167
155
174
126
147
146
132
112
111
154
172
173
184
169
185
183
184
200
164
159
169
183
164
184
183
165
164
219
221
230
212
213
224
214
212
225
198
213
212
199
214
204
165
163
144
214
227
218
204
214
218
199
212
214
163
158
143
182
163
165
177
158
163
241
240
243
241
238
234
227
232
222
210
205
218
225
234
227
239
240
233
226
235
233
242
243
239
215
226
213
202
216
201
216
203
217
185
202
201
178
191
193
230
236
229
228
226
215
216
228
215
201
216
215
202
203
216
229
236
235
231
230
221
231
237
230
236
237
242
226
228
235
230
237
236
243
240
239
232
223
222
176
171
188
143
140
123
200
213
198
183
200
198
182
183
198
169
150
166
165
144
164
144
141
159
124
144
143
184
185
201
200
184
201
151
150
169
159
151
169
159
141
151
201
215
200
166
167
186
215
213
200
207
191
195
207
193
191
219
207
209
208
206
193
219
208
207
220
229
217
219
220
208
219
230
220
217
206
208
228
216
217
167
166
146
155
167
147
174
186
167
189
190
173
186
185
166
190
186
174
202
185
186
203
202
186
193
189
178
218
227
222
210
218
222
199
192
182
205
204
218
205
187
204
224
225
212
226
224
213
233
225
224
233
240
234
235
236
239
233
235
239
228
229
235
234
238
232
233
234
225
240
241
234
129
128
148
179
187
168
182
192
177
204
187
194
197
196
210
179
168
162
192
179
177
194
187
179
188
187
205
170
168
187
163
143
144
226
233
224
199
204
194
212
199
198
225
227
214
162
177
179
162
158
177
188
170
187
157
171
176
152
139
133
142
152
133
129
142
133
160
170
152
188
171
170
196
188
205
196
181
188
196
197
181
176
188
181
205
210
196
192
194
179
198
199
182
199
194
192
222
211
210
210
211
197
162
168
149
158
162
149
163
182
177
159
164
144
183
182
165
234
232
227
223
211
222
152
142
160
157
152
171
157
139
152
100
114
119
160
168
170
171
152
170
142
129
148
148
128
127
168
148
149
160
142
148
114
129
133
77
78
60
88
94
76
113
108
129
77
94
95
88
107
108
119
114
133
95
78
77
140
158
149
73
72
54
122
106
109
85
72
89
102
83
103
47
65
45
52
47
35
67
65
47
34
20
21
29
35
47
103
106
124
40
44
57
105
86
93
56
38
57
74
56
57
68
55
56
54
53
66
39
33
25
25
33
19
68
50
55
68
69
48
30
17
18
97
79
80
79
74
61
105
84
86
126
105
112
125
110
104
75
56
74
86
75
93
68
56
75
24
38
39
24
40
38
82
87
70
49
65
70
83
102
82
140
121
123
70
71
51
45
65
49
87
71
70
49
70
51
121
107
102
123
121
102
140
127
121
76
59
58
88
76
71
107
88
87
102
107
87
127
128
107
108
128
129
94
108
113
94
88
108
113
129
114
95
113
114
95
94
113
59
41
58
43
59
60
43
41
59
71
58
51
88
71
87
76
58
71
77
60
59
77
59
76
160
148
168
95
96
78
76
94
77
114
96
95
127
149
148
108
107
128
140
149
127
119
133
139
100
96
114
14
6
17
18
17
7
31
45
49
34
31
49
16
27
31
5
16
8
27
29
45
11
27
16
11
13
27
1
11
5
32
30
18
68
48
50
48
30
32
48
46
30
50
48
32
69
66
48
73
84
90
46
66
53
69
84
66
75
86
68
86
84
69
68
86
69
93
112
105
84
73
66
37
23
28
53
37
46
53
36
37
48
66
46
54
36
53
12
15
28
22
10
23
3
2
12
12
2
9
2
3
0
15
9
4
23
12
28
12
9
15
1
3
11
0
3
1
28
15
14
14
17
30
4
14
15
4
6
14
14
30
28
7
17
6
7
19
18
36
54
52
22
36
35
22
23
36
27
13
29
23
37
36
10
3
12
29
13
22
11
3
13
28
46
37
39
25
24
50
39
55
33
18
19
50
33
39
50
32
33
109
90
110
55
38
56
32
18
33
39
38
55
