1.885135168e-33
1.965863919e-33
2.174807167e-33
2.174556139e-33
2.121798026e-33
2.033095453e-33
1.758823982e-33
2.208970122e-33
2.316237464e-33
0.002636751108
0.001478893119
0.001462625353
0.001486582218
0.001948850969
0.001990216218
0.001336496341
1.647289455e-33
0.001427908081
2.360171364e-33
2.419739572e-33
0.001889221809
0.003216086019
0.002309961468
0.003977952451
0.003655013365
0.002787033631
0.002991880541
0.002936121337
0.003679600938
0.003636933682
0.005082435088
0.004005652564
0.002897957048
1.528036756e-33
0.001457020266
0.004031966884
0.002750459791
2.372025459e-33
2.382949479e-33
2.369644234e-33
2.388993622e-33
0.001946214696
2.382564854e-33
0.003939386056
0.003563162552
0.004278168001
0.005375179524
0.005856690568
0.004271938758
0.004448789769
0.006410352781
0.005048284416
0.0054587388
0.003895689608
1.403308036e-33
0.001441894981
0.004977663323
0.002716959978
0.004909419311
0.003898607807
2.363774343e-33
2.327476879e-33
0.00179245746
0.002205117885
0.003591779947
0.00231155497
0.00233898184
0.002497955081
0.005000079674
0.005519798643
0.005872927217
0.006543036893
0.006975559571
0.007317064694
0.005730165137
0.00627002283
0.006842493651
0.00658295207
1.276290957e-33
0.005820876917
0.001215459607
0.002625745507
0.005788492749
0.003827982543
0.004878813493
0.001651068676
0.003300563898
2.109823597e-33
2.14452551e-33
2.127167891e-33
0.001594893496
1.758845524e-33
1.887522234e-33
1.998606509e-33
1.975453296e-33
1.612859028e-33
0.004482445919
0.004106378718
0.00503099296
0.004315600516
0.00623026628
0.006659075443
0.006967277555
0.007159900977
0.007780252072
0.0079676967
0.006712375144
0.007273600151
0.007900243758
0.007465492634
0.003393102182
1.158347919e-33
0.001117606627
0.006698351711
0.002107997044
0.002979908638
0.006209228264
0.003879012596
0.005627508348
0.004678021691
0.004756411474
0.00305028416
0.004585701803
0.002092116796
0.002525600918
0.003039638385
0.002105196321
0.001335932149
0.001464477413
0.002498446339
0.001500814966
1.527789141e-33
1.401687152e-33
1.140986226e-33
1.28949575e-33
0.001418732966
0.005566678724
0.006022979472
0.005695684396
0.005950873126
0.00725424221
0.007632720279
0.007905155807
0.008078783078
0.008156439197
0.008362467202
0.008467033954
0.007369748999
0.008151076611
0.007978463047
1.029830858e-33
0.001022908786
0.001940844173
0.006509830534
0.007207359598
0.002736451085
0.00356772437
0.005979177968
0.004404445367
0.005350237679
1.015498992e-33
0.00581137833
0.005927627378
0.004190609515
0.005693502608
0.003442246037
0.004436485969
0.004513116268
0.002691997746
0.002745747108
0.002735344239
0.003726269794
0.001285627849
0.001370725614
0.00117037906
0.002599723421
0.007586639855
0.006543902072
0.007043313255
0.007398067189
0.008078824231
0.008430735467
0.008825827607
0.008681030255
0.008723967295
0.008890569286
0.008988139472
0.008741783141
0.008066634191
0.008538797467
0.004089791761
8.460086172e-34
0.001216744465
0.001975589205
0.006202994264
0.006856026306
0.008034573795
0.007470317599
0.002631451705
0.00328376835
0.005631220975
0.00496788011
8.750698957e-34
0.001017715093
7.34708869e-34
5.920934794e-34
4.464667836e-34
3.04067627e-34
-1.803157516e-36
1.558592468e-34
0.00697646333
0.008021320046
0.005802088212
0.006778734596
0.004548358752
0.005797851681
0.003838634419
0.003688246174
0.003897007072
0.003865705797
0.004829574444
0.001777332137
0.002449544096
0.002084998611
0.003472153727
0.008438177955
0.007988229885
0.008734291711
0.009105514046
0.009360234079
0.009489968482
0.009495740825
0.009388808283
0.009322075059
0.009026648508
0.008468008342
0.004487876898
0.003720028417
0.001295791628
7.687831919e-34
0.0006245504662
0.002019543699
0.001365034861
0.008507028397
0.008011411337
0.005775991862
0.006394266947
0.006975643045
0.007528277516
0.002672862247
0.003315354444
0.004903024615
0.0008604711397
0.001818449434
0.0006971812384
0.0005315898616
0.0003687908805
0.0002361365351
0.0001167319083
-1.54938239e-34
-1.399021195e-06
0.007656146223
0.00886925964
0.008387184659
0.006934062898
0.006275383897
0.005468043013
0.007861120138
0.004143532903
0.004386076594
0.004906283498
0.004968229782
0.005723826879
0.002822527855
0.003183781901
0.003866643795
0.009220609117
0.009596874446
0.009795730363
0.009875292647
0.01004734298
0.009809923785
0.009793316628
0.009672972726
0.009436974456
0.008972336484
0.003931728068
0.007012155851
0.0007276719237
5.74647985e-34
0.00224165706
0.001185305544
0.001707380114
0.00847778639
0.007917517535
0.005246164122
0.005872561406
0.006463611891
0.006999449717
0.002783158439
0.003315281862
0.003996227688
0.004631321278
0.001525203215
0.002432849354
0.000908885126
0.001219047183
0.0005130823772
-3.095967951e-34
-4.595757386e-34
0.0002299415874
-1.035986504e-05
-0.000117936954
-0.0002980947374
0.009519521499
0.008635909996
0.009182709393
0.009662624331
0.00722152095
0.006584081539
0.008046532169
0.00461267383
0.004929914422
0.005639469292
0.005774487071
0.005822594095
0.006712869085
0.003484144298
0.004207738279
0.009846965771
0.01007004987
0.01012918602
0.01023945936
0.01009928261
0.01001290377
0.009769777991
0.009378517731
0.008877981392
0.0003253968462
0.000684770649
4.600180384e-34
0.002296601818
0.001743555099
0.0009149937266
0.001316150948
0.008221411931
0.00747403633
0.005203841876
0.00691960822
0.005751956657
0.006388801715
0.002633536995
0.002919224436
0.003929646912
0.004564836794
0.002014822194
0.002900480784
0.0007238176945
0.001143550046
0.001585034448
0.0003253812663
-0.0002934131779
-0.0003246250776
-5.724997778e-34
-7.691748221e-34
-2.795326018e-05
-0.000319698084
-0.0005461479674
-1.027581501e-33
-1.155112119e-33
-8.464147485e-34
0.01001731323
0.009230108899
0.008985800577
0.009684633766
0.0100014076
0.007412333225
0.008100236453
0.008695167359
0.004961752568
0.006206404391
0.00535609015
0.005975528173
0.006693976706
0.007426585946
0.003535074503
0.004484318934
0.01026028844
0.01034685719
0.01033426028
0.01038777843
0.01021057864
0.009995076877
0.009698428564
0.009228995367
0.008666421735
0.0002932107925
0.0005497935313
3.083876402e-34
0.001910419361
0.001540209336
0.001186143638
0.0005686325133
0.0008596779773
0.007892907077
0.007370083041
0.006813224958
0.00518133211
0.006316869048
0.005768145426
0.002147269281
0.003167026677
0.003752300746
0.004230499354
0.002316899474
0.001922337875
0.002976568275
-1.264893234e-33
-1.403914391e-33
0.0008876948748
0.001407889881
0.0002702636589
-8.651402588e-05
0.0006152066672
-0.0002935813806
-0.0006884347757
-0.0007226052176
-0.0006248686298
-0.0004839812488
-0.0008472339707
-0.0006502890435
-0.001020674564
-0.0011143857
-0.001217387936
0.01022598369
0.009181743425
0.009547460225
0.009883697492
0.01012191669
0.008039907638
0.008557332451
0.00897864043
0.005399510773
0.005772031727
0.006508984347
0.006204311791
0.007299077597
0.007837688778
0.00393469609
0.004622570241
0.01034922693
0.01038354682
0.01033032771
0.01014056987
0.00985775579
0.009482489911
0.008940058389
0.008238981324
0.0002985172778
0.0003231714034
0.001640344975
1.491658513e-34
0.0001135456477
0.001159972061
0.0009930614131
0.000590728561
0.0001615298614
0.0003529298053
0.007260797011
0.00668152777
0.006243563164
0.004735168936
0.005209152009
0.001837226573
0.002350987929
0.002841961513
0.003333805692
0.003812959846
0.003312816717
0.002205839409
0.001623923079
0.002440008599
-0.001397039225
-0.001448226293
-1.515235703e-33
-0.001538321009
0.001023996654
0.0001159967805
-0.0005894067737
-0.001175954393
-0.001195516638
-0.001316777412
-0.001301773558
-0.001185229974
-0.00112030141
-0.001931473817
-0.002105997224
-0.002093315536
0.01023043727
0.009303277703
0.009620700482
0.009872861257
0.01002940493
0.0082892395
0.008656092758
0.00893968892
0.005247833239
0.006251869562
0.006768550115
0.007073580325
0.007712726327
0.003992380149
0.004628502314
0.0102760646
0.01026213439
0.01015140451
0.009882763435
0.009555549342
0.009142741606
0.008508640174
0.007634959265
0.0001142117289
2.745879256e-05
0.001005874886
8.028136787e-38
6.228814408e-08
0.0008183698217
0.0003897392554
0.0001048785442
-0.0001203975589
-0.0002703285446
0.006996349264
0.005632031851
0.006017847625
0.004269963391
0.004695554754
0.001487080882
0.00203628664
0.002594600382
0.00314973274
0.003297094463
0.003294751901
0.001108619626
0.002632958699
0.00196185731
-0.002621365529
-0.002716181116
-1.639922048e-33
-1.888341192e-33
-1.774898141e-33
-1.963030283e-33
-0.001464776614
-0.002759224502
0.0005921971512
-0.0008617358495
-0.0001046832303
-0.001713237672
-0.001949210945
-0.002129472819
-0.001540043915
-0.001742724576
-0.002729770317
-0.002982226041
-0.00263155307
0.01009891569
0.009263626036
0.009512488712
0.009683717188
0.009774158157
0.008142236381
0.00846410035
0.008768591861
0.006075946024
0.005483491675
0.006662284141
0.007235219433
0.007613647038
0.003929951721
0.004779515097
0.01004982697
0.01008257756
0.009834766603
0.009533032611
0.009153061759
0.008698053172
0.007939102004
0.007250091105
-0.0003272745479
-0.0001070824387
0.0001828581393
-1.543321106e-34
-0.0001155358459
-5.138416359e-05
0.0005956431197
-0.000388111539
-0.0004166394445
-0.0007226915455
-0.0008974124976
0.006198567072
0.005083452974
0.005427887798
0.003719342724
0.004110976622
0.001044214662
0.001509065927
0.001977941379
0.002439711329
0.002883657584
0.003163682627
0.001156919901
0.002541684865
0.001910800365
-0.003686041624
-0.00383387737
-0.001348150259
-0.001465112874
-2.049152709e-33
-0.001491357303
-0.002907997008
-0.00390543273
-0.001160417546
0.0005948569286
0.0003904695802
-0.000390053319
-0.0006488867464
-0.002248538964
-0.002828787899
-0.002791753052
-0.001911681798
-0.002183949483
-0.003415878486
-0.003888433681
-0.00345910627
0.009783844028
0.009050758848
0.009237440353
0.00938489689
0.009350446995
0.007896620696
0.008250127482
0.008531279138
0.006205481207
0.005629651696
0.006993946246
0.006275487575
0.007240096678
0.004212809672
0.00317798745
0.004860125248
0.009753567531
0.009708629221
0.009485954214
0.009132371124
0.008691660443
0.008166782609
0.007442059311
0.006499949638
-0.0007284981144
-0.0003722567185
-0.000644386243
-3.054851159e-34
-0.0002365293629
9.118447392e-05
-0.0003148997726
-0.001198256097
-0.001156627161
-0.001156430508
-0.001283809696
-0.001332272439
-0.001412000341
0.005719902225
0.004090097402
0.004785998204
0.003302147022
0.0005210668503
0.0009639140481
0.001409004232
0.001846337017
0.002266723881
0.002344886468
0.001331701583
0.002301769063
0.000818752023
-0.004686795735
-0.004804393437
-0.005013297506
-0.003002712147
-2.093708763e-33
-0.003031379866
-0.002998674813
-0.001632394076
-0.00462357872
-0.001478567097
6.732914909e-05
-0.0009330156689
-0.002774333313
-0.00340114599
-0.002155059308
-0.002635466936
-0.004480930215
-0.003939092799
-0.004103447963
-0.005348594536
0.009352956288
0.008737708731
0.008865086072
0.008917065197
0.007560692446
0.007813419056
0.007994464811
0.0057018345
0.006505462867
0.00682719781
0.004027788643
0.003147251292
0.004877485103
0.00905177889
0.009238697642
0.008791616872
0.008454704495
0.008045913329
0.007568815375
0.00674119114
0.005954238534
-0.0006024320561
-0.001223694283
-4.28724352e-34
-0.0007150390061
-0.0003736996175
-0.0004724906365
-0.0008672908138
-0.001228654764
-0.001126933263
-0.001949739278
-0.002017084638
-0.001583608352
-0.001810188572
-0.001910727666
-0.001961844811
-0.001933438294
0.005055263043
0.003561921374
0.003835924757
0.002660914431
0.001624345666
-5.607808446e-05
0.0003713408329
0.0007995992385
0.001220495427
0.001671498976
0.001490843376
0.002227409216
0.001559327695
0.0005940117162
-2.166643547e-33
-0.005629461541
-0.005785215771
-0.005826496891
-0.004528374334
-0.002431860277
-0.004316284511
-0.003598724506
-0.005718841379
-0.001807554237
-0.0003141291297
-0.001231420427
-0.003925965548
-0.003312733942
-0.002809724157
-0.002944470985
-0.003571302067
-0.004969253468
-0.004498027949
-0.005529712321
-0.00587223838
0.008959534645
0.008641168713
0.008101067521
0.00834954469
0.008220682723
0.007090355935
0.007290896424
0.007425416937
0.0056987569
0.006062221066
0.006299819825
0.003777979984
0.003079405825
0.004835939199
0.008712418225
0.008262518886
0.007891641776
0.007442959065
0.006918391168
0.00605538725
0.005270997308
-6.042846965e-34
-0.0005975252587
-0.0007308231762
-0.000834008227
-0.001306552774
-0.001746513895
-0.002139874958
-0.002005920163
-0.001521605427
-0.002666285123
-0.002811145275
-0.002513895326
-0.002319253764
-0.002634621779
-0.002445770927
0.004164510112
0.003022189142
0.003063363108
0.0008429269441
0.001267275742
0.002002453699
-0.0003419226877
-9.632058699e-05
5.632627797e-05
0.0007355893045
0.002126761706
0.0008705389146
-0.0002181399503
-0.001930595546
-2.190739462e-33
-0.003639837139
-0.006339254515
-0.006585081256
-0.006721681584
-0.005454617027
-0.004439702387
-0.005040929203
-0.006723598711
-0.005539734457
-0.002144286055
-0.002122596022
-0.001174377416
-0.004286782758
-0.003038588148
-0.00376728254
-0.004426317652
-0.005154824241
-0.006046825426
-0.006681855969
-0.006765042943
0.008515026397
0.00813737396
0.008311613402
0.007751146535
0.007492045835
0.007727113093
0.006520306716
0.006681462216
0.006782046926
0.005225551337
0.005570014162
0.005862512169
0.003925593716
0.002977348796
0.004256179162
0.001998934389
0.008037169514
0.007689196766
0.007215536643
0.006759414801
0.006232488571
0.005429173955
0.004538504317
-7.365663109e-34
-0.0008568241145
-0.001583195573
-0.002002053899
-0.002392411852
-0.002741967032
-0.00303760052
-0.001769831509
-0.002441888177
-0.00350053157
-0.003569230201
-0.0030397899
-0.002983731945
-0.003314690265
0.003414106474
0.002351316761
0.002661526009
0.000524838856
0.0009692789666
-0.001147844624
-0.0007067407874
-0.0002888238657
-0.0007866852727
-2.28060002e-33
-0.0001130006451
0.001004570563
-8.860048664e-07
-0.001098348847
-0.002662408699
-0.004882297801
-0.007306630986
-0.007510196518
-0.006603751728
-0.006283094684
-0.00758753808
-0.006543236523
-0.003051532223
-0.002872607887
-0.002074176435
-0.005051810537
-0.003952924919
-0.003906851007
-0.004738837703
-0.005741997694
-0.006512927626
-0.00718833431
-0.007635884558
0.007633482653
0.0074591938
0.007281539042
0.00681778051
0.007217776721
0.005878621544
0.006057338608
0.006201220156
0.004553176185
0.004811422867
0.005025845475
0.003366641326
0.002386602871
0.003728807702
0.001348661396
0.007214405885
0.006896310646
0.006508389014
0.006050550868
0.005526159707
0.004709145058
0.003707973064
-8.717889045e-34
-0.001015775178
-0.002179778327
-0.002600473191
-0.002995004247
-0.003352642704
-0.003595582966
-0.003910380163
-0.002007445348
-0.002831265058
-0.004546738247
-0.003479455062
-0.004281296562
-0.003728355821
-0.003934572209
0.002926401835
0.001906946272
0.001382081949
0.0001865908826
-0.0007601809869
-0.001747569988
-0.001846670943
-0.001345025546
-0.001891626106
-2.335406886e-33
-0.001006885516
0.0003925178803
-0.0006606265076
-0.002003622652
-0.005981942219
-0.005231655685
-0.004034463391
-0.007919814878
-0.00822018935
-0.008336192166
-0.007344940757
-0.00754160911
-0.007419660641
-0.003654020117
-0.002982173426
-0.00455582202
-0.00553154853
-0.004818695095
-0.005408164393
-0.006263221596
-0.006931669131
-0.00752106894
-0.008025163576
0.007084378112
0.006877857285
0.006784759722
0.006252177039
0.006242642006
0.006685996834
0.005454610654
0.005601907528
0.004056708801
0.004178761377
0.004376515653
0.002754866846
0.001797830919
0.003096987687
0.0007840957201
0.006717279565
0.00634468271
0.005901291974
0.005389642905
0.00481285128
0.004001182438
0.003144123844
-1.01341941e-33
-0.001167201781
-0.003057819896
-0.00349147307
-0.00389084661
-0.004242132444
-0.004531416333
-0.004743398941
-0.002254020187
-0.003180443755
-0.005278810806
-0.003812924005
-0.004205027778
-0.004936795786
-0.00448899198
0.002086400202
0.0006310368926
0.001036748165
-4.977176828e-05
-0.001782413839
-0.001209113752
-0.00288319056
-0.00237771811
-0.002081007168
-2.355805164e-33
-0.001670189152
-0.0003068851577
-0.001319762459
-0.002632943531
-0.006949558261
-0.006322233463
-0.003870214194
-0.008442737695
-0.008750998139
-0.008945012291
-0.008245490034
-0.008359383611
-0.008984501149
-0.008090793969
-0.003929457453
-0.003633612177
-0.004838694198
-0.006057786688
-0.005701121036
-0.006791341693
-0.00745317217
-0.008032737382
-0.008522287461
0.006518943615
0.006282003956
0.006213241057
0.005710252368
0.005689658089
0.005950867313
0.004774204616
0.004908888549
0.00340616196
0.003677571268
0.00390514781
0.002168404189
0.001164446417
0.002510194996
0.0001509309679
0.005978032428
0.005606073519
0.005168277736
0.004666948071
0.004104977749
0.003307785935
0.002364816508
-1.137888703e-33
-1.295433631e-33
-0.001291900037
-0.003597383134
-0.004041315996
-0.004299686349
-0.004704281188
-0.005053878384
-0.005334087725
-0.005530515218
-0.002448608282
-0.003463321162
-0.004116001501
-0.005496980906
-0.005947592571
-0.004612223499
-0.004962018677
-0.005532475113
0.001395727854
5.141168734e-05
0.0004523299994
-0.0007716144671
-0.001733425356
-0.002776714191
-0.002192977337
-0.004103124565
-0.003632382577
-0.002158998664
-2.386337839e-33
-0.002258878756
-0.0009619068289
-0.001869233575
-0.00330188243
-0.004015464542
-0.007786960232
-0.007237081855
-0.005611597789
-0.006672579949
-0.008827637888
-0.009066388859
-0.009295032516
-0.009040794533
-0.009369451839
-0.009265541945
-0.00880707738
-0.004555861806
-0.004168405561
-0.00544942682
-0.006503938685
-0.006290236682
-0.007238680038
-0.007895987952
-0.008466356631
-0.008939007906
0.005778423398
0.005372460629
0.005322216525
0.004985889068
0.00521148792
0.004082762605
0.004208104586
0.002552486051
0.002777865628
0.002961880213
0.001525139794
0.0005270274602
0.001600947988
-0.0006053985248
0.005116419231
0.004791445336
0.004398187449
0.003938203569
0.003414403059
0.002588076902
0.001700669073
-1.407800373e-33
-0.001376499147
-0.004557351631
-0.004983573723
-0.00513654277
-0.005703501132
-0.005972491905
-0.00616281898
-0.006259208789
-0.002598403296
-0.00437957265
-0.003685214701
-0.004936159105
-0.006047810526
-0.00665203543
-0.005352068831
-0.005861615749
-0.004848448104
0.0008083669
-0.0004892111555
-9.00943493e-05
-0.001292799513
-0.002675171434
-0.00220776322
-0.003152605012
-0.004348206511
-0.002052316454
-2.39923081e-33
-0.002944560283
-0.001594125071
-0.002571440475
-0.003773857813
-0.004778598277
-0.003794828416
-0.008483515565
-0.008005096747
-0.00602458106
-0.00736990773
-0.009304877185
-0.009558415222
-0.009687374161
-0.009668578039
-0.009516517075
-0.009205478569
-0.005088612342
-0.004708865161
-0.005961667724
-0.007037957651
-0.006753898667
-0.007749664875
-0.008393535643
-0.008901845045
-0.009343803847
0.005039553495
0.004650145973
0.004277174726
0.004621026782
0.004533453654
0.003099751654
0.003559059183
0.001861703989
0.00208858144
0.002274986049
0.0008843252687
-0.0002587727805
0.001010682822
-0.001228821006
0.004398657079
0.004083250417
0.0037019724
0.003257356581
0.002751820211
0.001946305861
0.001113545173
-0.003321753955
-1.524825527e-33
-0.001453628611
-0.005325194478
-0.005765910419
-0.006155963543
-0.006482788684
-0.006730502689
-0.006883753176
-0.006926667772
-0.00269816378
-0.004888664026
-0.003838105601
-0.005630610263
-0.007181817533
-0.00677114408
-0.006251213417
-0.005551191599
-0.005243263449
0.0002671312402
-0.0008772555274
-0.0004975762448
-0.001759111633
-0.00342732805
-0.002900265158
-0.00472434262
-0.003971440235
-0.002206880891
-2.420871162e-33
-0.003355155588
-0.002190355467
-0.002922616488
-0.004295406393
-0.00408008783
-0.005325341478
-0.008728741095
-0.008077992011
-0.0066076291
-0.009673190042
-0.009883268537
-0.009976371012
-0.009340898909
-0.009921998282
-0.009725955394
-0.005602106319
-0.005199359996
-0.006400961051
-0.007189446676
-0.007509445997
-0.008218208739
-0.008827535559
-0.009273321534
-0.009682128806
0.004378073827
0.004162322507
0.003600231784
0.003817752979
0.002785156887
0.002890656681
0.001276955786
0.00158899753
0.001981436562
7.023296269e-05
-0.0008729198064
0.0003757004823
-0.001545342799
0.003709056654
0.00340436596
0.003038327342
0.002612002332
0.002127683553
0.001362583131
0.0005759170471
-1.634752086e-33
-0.001473345474
-0.006035035372
-0.006469408859
-0.006967233876
-0.005320710191
-0.007250485823
-0.007385987135
-0.007509580825
-0.00751436059
-0.002763917134
-0.003907184539
-0.005783555353
-0.004983001456
-0.006533680484
-0.007541238817
-0.007132829308
-0.005866804302
-0.006232187713
-0.000156595775
-0.001335819429
-0.001099483111
-0.002392089599
-0.003980440555
-0.003411346617
-0.004761029992
-2.444068833e-33
-0.001714030367
-2.44256e-33
-0.003859076044
-0.002485221347
-0.00341103596
-0.004764302584
-0.00321500622
-0.005650661685
-0.008887832083
-0.006760332607
-0.00772105689
-0.009966229776
-0.01013098342
-0.01018797832
-0.009400557946
-0.009805826416
-0.01009224715
-0.00599253372
-0.005541217333
-0.006803969085
-0.00759884273
-0.007949369625
-0.008710623243
-0.009191463812
-0.009575952244
-0.009949115028
0.003674804061
0.003469375954
0.002935655484
0.002921109721
0.002146858609
0.00225975453
0.001376678273
0.0008931501869
0.001156245425
-0.0003364147103
-0.001137092706
5.450480572e-06
-0.002220495251
0.003204495801
0.002877863322
0.002492066179
0.002049042618
0.001551153922
0.0008311765036
0.0001376167928
-0.006681596663
-1.771505268e-33
-0.001345583802
-0.005557061868
-0.006869259892
-0.007294438596
-0.007541604897
-0.006125203076
-0.00783145414
-0.008020139875
-0.008091004276
-0.008027746882
-0.00274667416
-0.003853524021
-0.004966748765
-0.005827829991
-0.006987593459
-0.006715820595
-0.007988640145
-0.006668532461
-0.007171349993
-0.0007026064167
-0.00191170044
-0.00146500109
-0.002861102324
-0.004227505731
-0.003651892408
-0.005272064354
-0.001733083483
-2.399092926e-33
-0.004306620918
-0.002958619203
-0.003968572838
-0.005058954419
-0.004491510084
-0.003195508285
-0.005995339137
-0.008956146674
-0.008078569427
-0.007227919675
-0.01018105433
-0.01030216347
-0.009426602779
-0.01031390593
-0.009829803215
-0.01017934947
-0.0101310551
-0.006365801032
-0.005886945124
-0.007114449856
-0.007615765574
-0.008452095436
-0.009009293153
-0.009480840284
-0.009805314562
-0.00995840934
0.002841139429
0.002698405755
0.002437486124
0.002500838176
0.001549235956
0.0008181975496
0.001669009344
0.001955493943
0.0005889971663
0.0001935436656
0.0003143173352
-0.001082580887
-0.0007500700547
-0.001818257476
-0.002511108273
0.002490983981
0.002218702604
0.001882991992
0.001485412764
0.001028770314
0.0003808155856
-0.0003546517879
-1.877822053e-33
-0.001456951359
-0.006107656551
-0.007624420431
-0.008012970732
-0.00832074525
-0.006691534932
-0.008534189633
-0.008636594419
-0.008611070129
-0.008439016712
-0.00149579765
-0.003719896873
-0.004824988695
-0.005727050342
-0.007500172087
-0.00669848995
-0.008191632114
-0.007243459483
-0.007749571688
-0.006008736984
-0.001025234619
-0.002174071289
-0.001727690535
-0.003093988475
-0.004642490901
-0.004022772121
-0.005374270775
-0.0017015599
-2.352181761e-33
-0.004558164579
-0.003508802369
-0.004190223441
-0.005379047586
-0.003892252532
-0.005285701293
-0.00663853538
-0.008743483208
-0.007981652238
-0.01031692461
-0.01039364904
-0.009285696754
-0.009772537514
-0.01035511557
-0.01018326519
-0.01022883934
-0.006169012431
-0.00666560559
-0.0074930031
-0.008081042251
-0.008700078491
-0.00924083932
-0.009691460713
-0.009816173859
-0.01003580984
-0.00772710136
0.002389714557
0.002222241788
0.001940731944
0.001002585812
0.0004237382681
0.001139119628
0.001218240518
-0.0001699534484
-0.000446562728
-0.001436231115
-0.001078693356
-0.00207692737
-0.003052006079
0.001999138502
0.001720107424
0.001388807417
0.0009968002823
0.0005689551464
-6.045918037e-05
-0.0006779699743
-1.968842297e-33
-0.006627896759
-0.002485808385
-0.008302938315
-0.008649036587
-0.008909108975
-0.007221729977
-0.009065478397
-0.009102507231
-0.009003545811
-0.008751574509
-2.001964518e-33
-0.004539936373
-0.003438360998
-0.005463331174
-0.006599437963
-0.007560209725
-0.008317185385
-0.007777590593
-0.008278482959
-0.006048478809
-0.006688285933
-0.001321635311
-0.002563181919
-0.002066829976
-0.003420244679
-0.004736378496
-0.003934874047
-0.005403376778
-0.003517733982
-0.001647986481
-2.323131795e-33
-0.004852627474
-0.004409808109
-0.003839368202
-0.005633104024
-0.005943105189
-0.00694255843
-0.008578928104
-0.007773781529
-0.00911112648
-0.01037198716
-0.01040874217
-0.009631392899
-0.01001119544
-0.01031057877
-0.01024269385
-0.006272938305
-0.007058130986
-0.008355374322
-0.008882551507
-0.009416641375
-0.009795972908
-0.01003447491
-0.007354364605
-0.008057459357
0.001860738249
0.001724655727
0.001405965951
0.0006112270215
6.549239845e-05
0.0007515233523
0.0008431724578
-0.0007530259504
-0.001841946351
-0.001464835567
-0.002608049677
-0.003355991368
0.00153025329
0.001201554245
0.0009155632326
0.0005734011986
0.0001758187987
-0.0003939465183
-0.0009596569297
-0.007308822582
-0.001561953596
-0.008712263749
-0.009134968879
-0.009373549321
-0.007942854881
-0.009493288349
-0.009301787845
-0.009475669188
-0.008952466646
-2.053121075e-33
-0.005051597464
-0.003068307355
-0.006341031673
-0.007423133947
-0.008332516751
-0.008469605569
-0.008932327939
-0.007358859302
-0.006980417721
-0.006315761727
-0.001611861995
-0.002717232832
-0.002211384066
-0.00335797129
-0.004754882613
-0.004115038021
-0.005626038718
-0.004391641769
-0.003051081092
-2.15947153e-33
-0.004967473788
-0.004203268857
-0.005648653641
-0.00616534936
-0.005201187532
-0.006722092474
-0.007518451339
-0.008684758677
-0.009416563465
-0.01034477716
-0.01034476761
-0.00982602252
-0.0101814087
-0.01017118207
-0.006315778387
-0.006959042535
-0.008343120947
-0.008769014077
-0.009248227513
-0.009489053466
-0.009684925875
-0.009951901794
-0.007554182469
-0.008081027234
0.001354005326
0.001243812947
0.0008084744876
0.0002594038008
-0.0004647736469
0.0004085617928
0.000509471484
-0.001117444962
-0.002178212718
-0.001774863423
-0.002885681897
-0.003574576363
0.001076053773
0.0008534126495
0.0005746120886
0.0002411347866
-0.0001438831979
-0.0006462967856
-0.001204280401
-0.009315028812
-0.009545178812
-0.009730848067
-0.008522697903
-0.00803021904
-2.185560782e-33
-0.009791063309
-0.009460493575
-0.009707106677
-0.009033357474
-0.001940170282
-0.004423878736
-0.005919089345
-0.003630450794
-0.007169979873
-0.008178301254
-0.009339759771
-0.009171821683
-0.007531100306
-0.006357623315
-0.006962706893
-0.001744518405
-0.002805669097
-0.002284787278
-0.003492824202
-0.004933300216
-0.004247530312
-0.005655286585
-2.139531888e-33
-2.059152928e-33
-0.00417958245
-0.002255804326
-0.005014712331
-0.004363029921
-0.005496277964
-0.005952505341
-0.005869547388
-0.007168025067
-0.007997649736
-0.0085568783
-0.009125137826
-0.009563465468
-0.01023611015
-0.01017380169
-0.009996117312
-0.01001544854
-0.006468482537
-0.007027330807
-0.008570808113
-0.008988059233
-0.009336736612
-0.009607020524
-0.009791581428
-0.007455694753
-0.008100046013
0.0008189573574
0.0007683133733
0.0005591652514
-0.0002182154122
-0.0008080819984
-1.724727759e-05
0.000133511126
-0.001401967043
-0.002432179364
-0.002002713061
-0.003114314636
-0.00373194826
0.0006577259436
0.0004855492444
0.0002588976954
-3.883016411e-05
-0.0003869191606
-0.0008493568246
-0.001322578759
-0.009614248902
-0.005969491661
-0.009885319684
-0.01003325931
-0.008033542352
-0.008511068397
-2.1956617e-33
-0.01004029261
-0.009534749247
-0.009880487989
-0.008978238596
-0.002663634287
-0.004891178525
-0.007422131865
-0.008174826217
-0.009691216728
-0.009108121093
-0.009685244912
-0.006137926452
-0.007624149572
-0.007170621904
-0.001801876233
-0.002896947196
-0.002334829411
-0.003579220258
-0.004949618224
-0.004131487401
-0.005381450211
-2.020768572e-33
-0.002413603037
-0.001925125564
-0.004447124204
-0.00498909191
-0.004399502586
-0.005426589451
-0.005895470452
-0.005721500288
-0.00673754267
-0.007587328628
-0.008184172182
-0.008753397918
-0.009208474742
-0.009669230031
-0.009396993659
-0.01004328452
-0.009945701088
-0.009682588679
-0.009780180029
-0.006722741868
-0.00854449391
-0.008909673556
-0.009219078652
-0.009550643542
-0.009439290346
-0.008033304881
-0.007563789033
-0.007173349208
0.0005581918528
0.0004525896668
0.0002313115263
-0.0005339691641
-0.001281427986
-0.0003073211387
-0.0001295004884
-0.001834011628
-0.002632000638
-0.002227693273
-0.003267020006
-0.003803947606
0.0003692869882
0.0002259307184
-0.0009508378371
2.307011489e-05
-0.0002366549838
-0.0005516395995
-0.001362643096
-0.009939891923
-0.00598986972
-0.01017582801
-0.01019936025
-0.008418353382
-0.005496998632
-2.282610018e-33
-0.001893398791
-0.01011768489
-0.009286708523
-0.009802414411
-0.008804815304
-0.004038877971
-0.00695542683
-0.007786185445
-0.01012368668
-0.0089546979
-0.009949132357
-0.009602814528
-0.008244977527
-0.006698381157
-0.006178800377
-0.007125082922
-0.007702973176
-0.001813994252
-0.002937469528
-0.002329093582
-0.003430527086
-0.003942326286
-0.004613551918
-0.004751760478
-1.970480515e-33
-0.001497028045
-0.003606494488
-0.002776205904
-0.005036923664
-0.004889062689
-0.004100148282
-0.005309637135
-0.005983865377
-0.006275469058
-0.00711336504
-0.007747162735
-0.00827025512
-0.008625050902
-0.009003715551
-0.009255799769
-0.009673441854
-0.009409663289
-0.009248794299
-0.006547123932
-0.008458290535
-0.008807040284
-0.008958928599
-0.009068079928
-0.007909189603
-0.006616560572
-0.007121604292
0.0002730248223
0.0002190267329
-1.94161004e-06
-0.0009406860939
-0.001425019359
-0.0006462760594
-0.0004036177292
-0.001930391822
-0.002608299124
-0.003348318926
0.0001612327811
4.66724251e-05
-0.0009719445886
-0.0006339833505
-0.0001250045363
-0.000352592298
-0.001340172539
-0.01025223007
-0.00523649143
-0.01027539148
-0.01034551412
-0.0009177309071
-0.008756193808
-0.00532003588
-2.338417693e-33
-0.002083950774
-0.0101383175
-0.009863207305
-0.009491139588
-0.008484988855
-0.003873726026
-0.006326073366
-0.007240646832
-0.01020987501
-0.01037384264
-0.009212176957
-0.009744910774
-0.008465054983
-0.007992078188
-0.006734259225
-0.005965704014
-0.007522507844
-0.001765415411
-0.002743698625
-0.002163295409
-0.003393065214
-0.003681283487
-0.004115433937
-0.004544253354
-1.888648557e-33
-0.002938223738
-0.001465351411
-0.005455231839
-0.004278640754
-0.004719292665
-0.004018507135
-0.005230302011
-0.005775153391
-0.006584073022
-0.007256194055
-0.007799425539
-0.008174584525
-0.008553598566
-0.008804767928
-0.008980691968
-0.009068380074
-0.008904582504
-0.008861563021
-0.008713096575
-0.006025477323
-0.007700474552
-0.00831623117
-0.008490854094
-0.007181821274
-0.006630759857
3.382316871e-05
6.32914115e-05
-0.0002170920932
-0.001059384105
-0.001494141912
-0.0007406705448
-0.0004733852706
-0.002124052657
-0.002712884891
-0.003348281602
3.534230837e-05
-4.919475831e-05
-0.0006342022519
-0.0003857908318
-0.0001898158593
-0.001237973046
-0.002849486061
-0.01030820188
-0.01039235032
-0.0005521473883
-0.0007826671679
-0.008889615124
-0.005302244924
-0.01040021067
-2.363413641e-33
-0.002167170154
-0.004016857293
-0.01001728847
-0.009681597462
-0.009234752037
-0.008012477649
-0.005613924388
-0.006677073992
-0.01015144538
-0.01034769829
-0.009841274282
-0.009363619536
-0.008482235683
-0.007946791757
-0.005674845844
-0.006482899144
-0.007180271752
-0.001551012159
-0.001726792262
-0.002227021873
-0.002706054089
-0.003354092081
-0.003758596441
-0.004264777003
-1.760594643e-33
-0.001337846161
-0.004448913265
-0.002994188548
-0.005732096037
-0.004473604019
-0.003860345536
-0.004990649645
-0.005485434369
-0.006716288611
-0.007270632171
-0.00766758565
-0.008039360798
-0.008295842844
-0.008485226831
-0.008434028627
-0.008464927624
-0.008422754519
-0.008296914708
-0.005951717926
-0.007251826805
-0.007739213871
-0.007911928091
-0.006758324964
-0.006378752258
-8.559105099e-05
-1.381567005e-05
-0.0002598932207
-0.001101007995
-0.00148116995
-0.0007950791655
-0.0004952751399
-0.00327113224
-0.002016413755
-0.00261627414
-2.453508073e-06
-5.103275328e-05
-0.0003371153431
-0.0001737806464
-0.0006297408444
-0.000926333898
-0.0102909697
-0.0002084967025
-0.0003895070133
-0.008908759344
-0.004882629766
-0.01034030186
-2.375571879e-33
-0.002376955873
-0.004777613394
-0.01001977073
-0.009645687505
-0.009226086649
-0.008413711419
-0.0073801327
-0.006028344455
-0.01013656649
-0.01027401199
-0.009822846142
-0.009435134889
-0.008530794028
-0.008077429528
-0.007576490358
-0.005357293995
-0.006159153939
-0.006508976584
-0.001639060971
-0.001261829591
-0.00205209424
-0.002494322775
-0.002957979366
-0.003437245257
-0.003919264029
-1.646929839e-33
-0.001428465469
-0.004782888094
-0.002902373213
-0.004034042506
-0.005829279096
-0.004154412761
-0.00362805369
-0.003115668933
-0.004494075353
-0.00495807135
-0.00669855684
-0.007113343413
-0.007471868661
-0.007730646917
-0.007928061655
-0.007902083676
-0.007626765752
-0.007943468822
-0.007924431108
-0.007816426145
-0.005332710815
-0.005688600728
-0.007094526483
-0.007398155868
-0.006303537348
-0.006102660726
-0.0001039198686
-3.392294962e-06
-0.0002228657339
-0.001055943508
-0.001388444707
-0.0004362874927
-0.0006756885361
-0.0014787468
-0.002485164329
-0.001905870975
2.234139784e-06
3.550130242e-05
-6.098917895e-05
-0.0001447114098
-0.000303607897
-0.0004941300786
-0.000790097775
-0.01024558662
4.231748023e-06
-4.077768708e-05
-0.009037184973
-0.003797427293
0.0001173206749
-0.004399200866
-0.00979918615
-0.01021023845
-2.402118879e-33
-0.002037058064
-0.005330831304
-0.009945630833
-0.00959892196
-0.009211895211
-0.008107597783
-0.006600506348
-0.0100613818
-0.01010024598
-0.009488760768
-0.008502603862
-0.008084667526
-0.007147012166
-0.004866969375
-0.005766506974
-0.006301407795
-0.001131391829
-0.001638798459
-0.00204752274
-0.002478231104
-0.002812859527
-0.003155199977
-0.003597143986
-0.001452152281
-1.524032367e-33
-0.002760560982
-0.005014333181
-0.003909952338
-0.00578148182
-0.003896499783
-0.006207182076
-0.003763560044
-0.003104506609
-0.002888585505
-0.004503273358
-0.004035878358
-0.006509384799
-0.006855886439
-0.007116635985
-0.007316327177
-0.007318700533
-0.007479010174
-0.007072156243
-0.0073613081
-0.007263995531
-0.005173267464
-0.00485018295
-0.006643742937
-0.006378394618
-0.005823690221
-0.005471828708
-5.442384463e-05
6.653088878e-05
-0.0001138277358
-0.0009269311163
-0.0009421584461
-0.0002303415813
-0.0005071825882
-0.001526332653
-0.002164725832
0.0001703885255
0.0001890115678
0.0002377122789
0.0001764560191
-2.848779526e-05
-0.0002886054747
-0.0005971082153
0.0002612749077
-0.009074337363
-0.003952007061
0.0002963179554
-0.004037069879
-0.009676806971
-0.009760680705
-2.382436796e-33
-0.002176600791
-0.004059953448
-0.005637100477
-0.009469649433
-0.009115323524
-0.00802361389
-0.006960246449
-0.009858037579
-0.009797325555
-0.009401632414
-0.009036561457
-0.007569907563
-0.008201212742
-0.008650583378
-0.007920242562
-0.006643810537
-0.004501011853
-0.00531489293
-0.005721894124
-0.0008175744204
-0.001162440813
-0.001538912375
-0.001938588383
-0.002355092789
-0.002781409216
-0.003643681139
0.0002747349067
-1.401028436e-33
-0.001441652639
-0.00276844948
-0.004886996985
-0.005626661362
-0.003823111351
-0.005977833348
-0.002178821836
-0.003305639893
-0.002589533919
-0.003984228766
-0.003653089286
-0.006202029834
-0.006462704544
-0.006618133792
-0.006751420573
-0.006834804407
-0.006744491476
-0.006582956502
-0.00668186914
-0.004605708191
-0.004154033249
-0.005633571997
-0.005707787949
-0.004972486192
8.970781308e-05
2.912007967e-05
-0.0004947300541
-0.0007305358633
-8.647560415e-05
-0.001237905625
-0.001793490018
0.0004401197853
0.0005144059875
0.0005702228467
0.0005915205798
0.0005686399139
0.000383741946
0.0001430938276
-0.000149883406
-0.009482488226
-0.009589182156
-0.009248702916
-2.380830989e-33
-0.004487023626
-0.002958004517
-0.005636238661
-0.008938834825
-0.00786963339
-0.006870586628
-0.009543930662
-0.009391898807
-0.008921208394
-0.007758855083
-0.007005230467
-0.008162601485
-0.007055918485
-0.006083507287
-0.004108505774
-0.004553165822
-0.004962610464
-0.0003360094013
-0.0006653378334
-0.001026423307
-0.001410583577
-0.002646631909
-0.001812668138
-0.003112403737
0.0004012395347
0.0005673699865
-1.27292134e-33
-0.001407730269
-0.002932999472
-1.157444133e-33
-0.004589874053
-0.005348755935
-0.003746326908
-0.005626312336
-0.002216021059
-0.001752071802
-0.002783980621
-0.003425977753
-0.002823445944
-0.005778514899
-0.005945884027
-0.006069034324
-0.006148341033
-0.006080948558
-0.006083325482
-0.005921108322
-0.005209110059
-0.003497228011
-0.004992824299
-0.003985340882
-0.00472607398
-0.004299828512
-0.00496014805
0.0003238887644
0.0002733707006
-0.0002458641539
-0.0004498882903
-0.0008055225563
0.0001883211958
-0.001083581444
-0.001196245876
0.0007177680375
0.0008501090898
0.0009493628361
0.001016817528
0.001028653542
0.0008957303183
0.000662275701
0.0004034424263
-0.009168587554
-0.0086859135
-0.00895493815
-2.42211882e-33
-0.001718579737
-0.003201426426
-0.005551779487
-0.007632316425
-0.006611142772
-0.008868924646
-0.008899805122
-0.008322038648
-0.008676891334
-0.007810161887
-0.007283972579
-0.006385461252
-0.007334046513
-0.006616676283
-0.005325297429
-0.00356708782
-0.003998705527
-0.004394496802
0.0001012112779
-0.0002403240516
-0.0004599559122
-0.000832785152
-0.001338684245
-0.002314423918
-0.001875924533
-0.00274686542
0.0006139372496
0.0008720662978
-1.028948202e-33
-0.001116747188
-0.002970670424
-0.002105417412
-0.001022032131
-0.004412942486
-0.003548741824
-0.005171630811
-0.001779939326
-0.002198148369
-0.002837056308
-0.005250868777
-0.005358833487
-0.005428491047
-0.005380830954
-0.005394553856
-0.005361078517
-0.004461234142
-0.002815461864
-0.003176620897
-0.004217418795
-0.003599333806
-0.003927425323
-0.004497345712
0.000634189881
0.0006240546457
7.169264104e-05
-0.0001022203246
-0.0004472269635
0.0005643447332
-0.0006582269128
-0.0008058146374
0.001076645113
0.001252814555
0.001415221469
0.001501338643
0.001550535178
0.001439130183
0.001272151857
0.001054802488
-0.00873898142
-0.007757236813
-0.008369510144
-0.008421454943
-0.001671319166
-2.356682763e-33
-0.003092458185
-0.005381069383
-0.00652363006
-0.008333636854
-0.008468495198
-0.008172554317
-0.008215095317
-0.007627739494
-0.007268098347
-0.006759838231
-0.005628439218
-0.006801468979
-0.00585779336
-0.004741503865
-0.003163134399
-0.003552599811
-0.00390380253
0.0007915563468
0.0004875321964
-0.0001203593158
-0.001863283516
-0.0008416377392
-0.001273335165
-0.002274497626
0.0009772336428
0.001249271333
-8.452040248e-34
-0.001938135604
-0.002730889507
-0.001216127154
-7.674453006e-34
-0.003284995559
-0.003904141239
-0.004624576115
-0.001058817585
-0.001558198756
-0.001735548151
-0.001915717345
-0.004631322136
-0.0046860387
-0.004653947397
-0.004715441062
-0.004632970771
-0.003814573481
-0.003529309215
-0.002258995499
-0.002652782487
-0.003244256474
-0.002988020848
-0.003936841406
0.001030712553
0.00103262804
4.647656835e-05
0.000392402709
0.0003058965922
0.0009930380056
-0.0001663384613
-0.0003562268737
0.001498359387
0.001762137508
0.001916373879
0.002027552373
0.002127532808
0.0020004542
0.001815950851
0.001577971298
-0.007483543833
-0.007371612193
-0.00799931881
-0.008011328079
-2.286620614e-33
-0.002906787089
-0.005136136689
-0.00581381006
-0.007518741546
-0.007623714801
-0.007075376185
-0.006726951137
-0.00599838845
-0.005026221708
-0.006034895266
-0.005233576462
-0.004379637891
-0.002547671968
-0.002931220097
-0.003275583841
0.001290864908
0.0009622633151
0.0005954549104
0.0001996953363
-0.001394297235
-0.0006484481532
-0.0002172141616
-0.001786184567
0.001374831161
0.001685101155
-0.002628212973
-0.0006234636297
-0.001973028702
-0.001296912214
-5.722953544e-34
-0.00279129589
-0.003402486553
-0.002830316467
-0.003995425219
-0.0008672033977
-0.001017185443
-0.001341196053
-0.00393244337
-0.00391279395
-0.004038381306
-0.003607258222
-0.003183638847
-0.002923802582
-0.002668316532
-0.001697851277
-0.002004128559
-0.002359067412
-0.003317572506
0.001442066092
0.001524925077
0.0005968663849
0.000771349511
0.0009041203697
0.001481432971
0.0003860162194
0.0001410808887
0.002055782838
0.002271466524
0.002450449794
0.002658797091
0.002751470207
0.002634514068
0.002457896273
0.002224806961
-0.006385941127
-0.006872901125
-0.007460149479
-0.007453211025
-0.007473586546
-2.206513336e-33
-0.002646940672
-0.003642333635
-0.004425919775
-0.006335470542
-0.006816883434
-0.006519633019
-0.005950906358
-0.00534788614
-0.004584616344
-0.005353295961
-0.004713059424
-0.003566738793
-0.002158548892
-0.002501251537
-0.002802149707
0.002148965528
0.001881576712
0.001242930284
0.0008450950855
-0.000524426211
0.0004231444492
-0.000451586111
-0.0008844838384
0.001813022594
0.002294357958
-0.002022228735
-0.0007222638382
-0.001317310965
-0.0003245595486
-4.595820384e-34
-0.002251519362
-0.002777159683
-0.003298868378
-0.0001353925923
0.0005203914526
-0.0007453741569
-0.0004306227938
-0.003165411363
-0.003039487272
-0.002856090033
-0.002621604401
-0.002349196394
-0.002050425948
-0.001732163242
-0.001072191441
-0.001403322266
-0.002638728661
0.001881897727
0.002079435179
0.002080747071
0.001257979012
0.001391766625
0.002033571295
0.001084312756
0.001158550583
0.002565284039
0.00281672699
0.003134276695
0.003304475383
0.003413648886
0.003350851609
0.003153718865
0.003057220253
-0.005953892404
-0.006952688558
-0.006904895389
-2.18163778e-33
-0.005016845839
-0.005459033791
-0.001943434543
-0.003104451336
-0.005734240516
-0.006286735475
-0.006160270393
-0.005762809518
-0.005232016563
-0.004678326314
-0.003793261837
-0.004644295445
-0.004015113556
-0.002929210326
-0.001298579466
-0.001681958048
-0.002021312327
0.002681765247
0.002380405252
0.002038773855
0.001665972132
0.00126971007
0.0008559279378
-0.0003987973627
0.0004337096636
1.217547345e-05
0.002478116824
0.002887127208
-0.001712931432
-0.0006885280965
-0.001175964922
-0.001195230829
-0.0002934911887
-3.085199293e-34
-0.001837402979
-0.002186660941
-0.002145347822
0.0008827303701
5.923405146e-05
0.000571798773
-0.002348499188
-0.002125998155
-0.001851874841
-0.001538677826
-0.001198227035
-0.0008409121887
-0.0004762455147
-0.0001131909353
-0.001913237431
0.002605459835
0.002680846748
0.002701246148
0.001939769998
0.002670020529
0.001800124011
0.001814600104
0.001593001003
0.003125123133
0.003550594004
0.003799134472
0.003956109804
0.004103635319
0.004005133014
0.003634570946
0.003846682913
-0.005825774726
-2.168762606e-33
-0.003958793926
-2.12597788e-33
-0.004268452527
-0.001639977727
-0.004977471718
-0.004449206409
-0.005780803223
-0.005628062687
-0.005353509028
-0.004486070003
-0.004966933879
-0.004031521169
-0.003145932887
-0.003939587745
-0.003279278879
-0.002304141588
-0.0007892462259
-0.001147893777
-0.001463300812
0.003532041281
0.00305945054
0.002709982062
0.00232764878
0.001918342835
0.001491703482
2.834447499e-05
0.0004068960211
0.001056255048
0.003091291916
0.003527455868
-0.001396736711
-0.001120479993
-0.0005467718406
-0.0008461711453
-0.0002981259708
-0.000113411602
-1.489881303e-34
-0.001667882373
-0.001334766073
0.001333897333
0.0008804359637
-0.001490935735
-0.001211021263
-0.0008943078503
-0.0005508129734
0.0008889617451
-0.000191055748
0.0001750624561
0.0002702667798
-0.001157008448
-0.00084404284
0.003238692838
0.003327450157
0.003362120548
0.002588904704
0.003342122878
0.002460097227
0.002288885355
0.002081459128
0.00377153647
0.004233405943
0.004443940794
0.004644979372
0.004812119976
0.004764091165
0.00450114607
0.004659440909
-0.002768626976
-2.056714089e-33
-0.002934331912
-0.001492516203
-0.004898757064
-0.004034674229
-0.002994381058
-0.004801076866
-0.004600333798
-0.004408707245
-0.004012101176
-0.003313091673
-0.002514398589
-0.003315202175
-0.00263841529
-0.001723129474
-0.0003294282967
-0.0006550075989
-0.0009366716671
0.004294120064
0.004040618966
0.0006199247583
0.003747033394
0.002969168316
0.00254256932
0.002097328443
0.001016079051
0.001642826467
0.003747298072
0.004033557054
7.152588127e-37
-0.001159596773
-0.0008990122548
-0.000571247051
-0.0003257439544
-0.000114519329
5.549500339e-07
-0.0008565197079
-0.0008190330861
0.001838698527
0.001881562755
-0.0005973017528
-0.0002717063331
8.021814768e-05
0.000448005568
0.001546429586
0.0008211697364
0.001190120564
-0.0003890170773
-0.0001819919427
0.003793326525
0.004009758107
0.004053394154
0.004039260463
0.003269896207
0.003149444817
0.003273274761
0.003034073637
0.004603485736
0.004874217097
0.005122440051
0.005358907076
0.005525897295
0.00519788704
0.005475393667
0.005364918633
-1.964553986e-33
-0.001465622645
-0.003904460884
-0.002901584143
-0.001346181763
-0.003834397241
-0.003426470095
-0.003739815835
-0.003682392319
-0.003421630584
-0.00287890491
-0.001913421935
-0.002673770908
-0.00218688827
-0.00116378948
0.0002457107518
-9.47294074e-05
-0.0003874146622
0.004977605068
0.004708099085
0.00123075488
0.001696545545
0.004001128128
0.003576286144
0.003125838674
0.002654804905
0.002174358474
0.004232543564
0.004909341337
1.554923325e-34
-0.0005881764931
-0.0001638399494
-0.0003568798397
-2.795257761e-05
0.0001082629786
0.00011836042
-0.0001044443019
5.239884414e-05
0.002756870125
0.002448327592
0.000312757857
0.0006326523138
0.001026267968
0.001394938816
0.002113815582
0.001760126412
0.0003857760564
0.0005103956791
0.00436887643
0.004717741305
0.004762841512
0.004749077586
0.003970527009
0.003849525152
0.00395388014
0.003706007737
0.005245327108
0.005591603611
0.005838729649
0.005677655917
0.006089146295
0.006232193471
0.006051673187
0.006174173663
-1.772313354e-33
-1.888998143e-33
-0.002756961729
-0.001462897069
-1.637808738e-33
-0.002715164595
-0.002636305269
-0.002979275895
-0.002619960509
-0.002727594697
-0.002245368529
-0.001665060886
-0.002025699034
-0.001742934161
-0.0008634482597
0.0007901830891
0.0003884401485
-0.0002747995477
0.005629302432
0.005337245321
0.001555837739
0.001975459226
0.002631933634
0.004997419478
0.004296036573
0.003884724113
0.003647556301
0.003144621727
0.005149081375
0.005555363563
2.969564056e-34
0.0001181019205
0.0002679242252
0.0003293398205
0.0003747110625
0.0002783576906
0.0005883265035
0.0009306398545
0.00341906099
0.003098523621
0.001230049175
0.001581747689
0.001936947734
0.002285793596
0.002620411777
0.001156187671
0.001197849059
0.005321460187
0.005281073178
0.005308311702
0.005273180189
0.004677837122
0.004834202215
0.004620127174
0.004358786258
0.005965824507
0.00624924495
0.006498579609
0.006588567122
0.006705642222
0.006776837971
0.006918116196
0.006846116945
-0.001537223095
-1.514223379e-33
-0.001447598183
-0.001974034317
-0.002106738202
-0.001396757279
-0.001938353316
-0.001409557739
-0.001709226205
-0.001189046733
-0.001318875134
-0.001316088675
-0.0005907907083
0.001157561741
0.0004207545692
-7.360014614e-05
0.006142285187
0.005906105974
0.001909461888
0.002401040178
0.002907590665
0.003418503719
0.005530464404
0.004617175113
0.004415728582
0.003924092105
0.005803259894
0.006146712656
4.49498514e-34
0.000721360523
0.0007723300286
0.0007274712608
0.0006077178836
0.0004351601869
0.001281043912
0.002092440742
0.004055716373
0.003585206859
0.002139336037
0.002521917192
0.002895524655
0.003252304376
0.001906687925
0.002018925732
0.005988069578
0.005844593169
0.005852457306
0.005787689801
0.005378797971
0.005491663067
0.005259069364
0.004977335855
0.006587840314
0.00702134433
0.006946350404
0.007218227733
0.007247473634
0.007426777364
0.00746854934
0.007567751735
-1.403371672e-33
-0.001289186319
-1.264787436e-33
-0.001114719145
-0.001020746942
-0.0006238946164
-0.0007231723817
-0.001122570736
-0.0008599877962
-0.0006855437917
-0.0008401215422
-0.0003542043707
3.903053619e-05
0.001108427426
0.0004212090885
0.006613497071
0.006303795122
0.005871614896
0.001787381903
0.002630408431
0.003177680614
0.003730379645
0.004278120257
0.005117033748
0.004809249622
0.00652210605
0.006853942389
5.938790242e-34
0.001330197691
0.001290562991
0.0005978657647
0.001149174899
0.0009093862372
0.001960656946
0.002805810659
0.004651496468
0.00428802329
0.003036243589
0.003473115727
0.003892844016
0.002633394736
0.003073409386
0.006702643521
0.006814927517
0.006859443909
0.006340538219
0.006451884545
0.006312378451
0.006111347527
0.00585454874
0.005545087148
0.007384979365
0.007640972401
0.007450766372
0.007883196533
0.008058733795
0.007947027533
0.00816680768
0.008054489512
-8.420250189e-34
-1.155424199e-33
-1.027654316e-33
-7.679758187e-34
-5.723571573e-34
-0.0003244019891
-0.000551674937
-0.0004841511317
-0.0002936204802
-0.000325105158
-0.000161019934
0.0003846759516
0.001621336485
0.001022317978
0.0008942411915
0.007080128062
0.006650374198
0.006170801885
0.002445134754
0.003307070805
0.003884836999
0.004450628791
0.004995756127
0.005650710418
0.007225465444
0.007677110334
7.349493953e-34
0.000728369669
0.001931834349
0.001809443884
0.00121631988
0.001582873157
0.002614825231
0.003501809182
0.005189389859
0.004793583141
0.003908325469
0.004364344515
0.003312597291
0.003821228273
0.007392661153
0.00749027853
0.007176514452
0.007075634365
0.006909191717
0.006442169723
0.005893727755
0.006192767628
0.007864952567
0.007954959873
0.008350833336
0.008216861237
0.008555201724
0.00869695165
0.008560207559
0.008677647454
-4.595553091e-34
-0.0002997117743
-2.979581254e-05
0.002200287547
-3.090674294e-34
-0.0001155054961
0.0003265238428
0.0007253977058
0.001923463316
0.001411314587
0.00115246943
0.00275076033
0.007449015595
0.006962750307
0.006430371078
0.003182055695
0.003932245057
0.004590011137
0.005231587158
0.00584767272
0.007816905413
0.00818869859
0.0008599899487
8.495651568e-34
0.001521415513
0.002514306672
0.002314736275
0.002016018239
1.031470218e-33
0.003186186305
0.004298164091
0.005549126718
0.00516405058
0.004744823552
0.003935346348
0.004400154171
0.007940622986
0.007828986746
0.007773221568
0.007504950731
0.007210174065
0.006353826652
0.006981086774
0.006694275915
0.008293744621
0.008643911697
0.008676803953
0.00893816488
0.008927418322
0.009141612562
0.00913332116
0.00910700251
-0.0001142292405
0.0001059709643
0.00231848383
-1.500655995e-34
-7.216214368e-07
0.0003716003625
0.0006038303722
0.0008616230879
0.001589930101
0.001131743868
0.002899163651
0.007936328684
0.007468730957
0.006969484047
0.006348411087
0.003724622254
0.00448819543
0.005125287601
0.00575521568
0.008339997173
0.008726337365
0.001404473509
0.001058758106
0.001964194058
0.002903250718
0.002429022177
1.146038989e-33
0.003634763722
0.005276922933
0.005964203631
0.005530800464
0.004929752761
0.004495142722
0.008412202242
0.008254720886
0.008053110851
0.007913671387
0.007705104344
0.006706099797
0.00709808448
0.007432406127
0.008493639114
0.008915530347
0.009241995344
0.009233274218
0.009450976989
0.009481743339
0.009543747489
0.009491171321
0.0001147511473
0.002015127688
-9.300766926e-37
0.0005326114855
1.532796166e-34
0.0002348212007
0.0003676088678
0.0007658776369
0.001433071498
0.002431105838
0.00336123821
0.008013048377
0.007461520771
0.006910557496
0.006307680798
0.004205937285
0.004964684062
0.005656003398
0.008928851125
0.008867718717
0.009444228786
0.008548542328
0.002004873332
0.001188400817
0.002829630633
0.00348340077
1.27601496e-33
0.004030466097
0.003816947058
0.005951884287
0.006260461981
0.005518988918
0.004964010134
0.008687161851
0.00865399412
0.008541902745
0.008462893177
0.006927788442
0.008171596007
0.007398631457
0.007815323506
0.009005700675
0.009389878557
0.009697586201
0.009631272995
0.009768073814
0.009838346493
0.009863496553
5.699626648e-34
4.458027576e-34
3.025591944e-34
7.559037814e-34
0.0008940250478
8.75123861e-34
0.001818713312
0.002822193619
0.003772036186
0.008012353809
0.008290711068
0.007425498281
0.006779436481
0.006085087813
0.00461440453
0.005351044858
0.009291618048
0.009571731796
0.009789743275
0.009019380095
0.008521657932
0.002245399708
0.001292116554
0.00317960422
1.366258116e-33
0.004613772873
0.005345646389
0.004117744782
0.006295658904
0.00665341352
0.00599089007
0.009170867611
0.009227338646
0.007184315648
0.009027168712
0.008751335913
0.00751507256
0.008406013526
0.007993173274
0.009435794007
0.009769275634
0.009997311815
0.009960426598
0.01009823614
0.01011216989
0.001012296411
1.00867067e-33
0.002089350675
0.003169880293
0.004117883649
0.007720856136
0.007943238106
0.007142671499
0.00641250613
0.005633708482
0.004938417486
0.00985577865
0.00961090484
0.01006761325
0.009307106695
0.008742920837
0.008141128492
1.506905729e-33
0.002441011416
0.002027126139
0.003466845741
0.001428782507
0.005631550842
0.004935011017
0.004378033453
0.003676540967
0.006345566939
0.00677634412
0.009555658409
0.009498216248
0.007543739555
0.009241768405
0.008909086321
0.008025797549
0.008502695492
0.009674775785
0.01003227736
0.01023544041
0.01024388017
0.01030204773
0.001154799128
1.143457405e-33
0.002328215009
0.004383472332
0.003463176448
0.007295507294
0.007453854334
0.006576457469
0.005795511514
0.004894445063
0.01008820791
0.01002413578
0.01030434904
0.009389146804
0.007495957957
0.008966092878
0.008227545795
1.656592005e-33
0.001491331154
0.002688838588
0.003839291228
0.005796649518
0.004891169384
0.006589544803
0.007308637134
0.009813785814
0.009605019565
0.007918713973
0.009306830957
0.008917389745
0.008439978439
0.009860754582
0.01019724533
0.01032989448
0.01039904396
0.001277428827
1.273986571e-33
0.002526681586
0.003691325934
0.006676827768
0.006495055273
0.00582909429
0.00498766065
0.003845681734
0.01026220026
0.01013717143
0.01040584514
0.01035903791
0.009453117563
0.0063070279
0.008892879462
0.007064066726
0.007756248907
0.008367149351
1.777435453e-33
0.001350089145
0.002763221702
0.003903427291
0.005817950258
0.004945946611
0.006723187722
0.007506942781
0.009924500835
0.009626690713
0.008184310309
0.009237287918
0.008751859667
0.009964253336
0.010259994
0.01037371907
0.001375057488
1.399381623e-33
0.002681089104
0.005724223313
0.005463221261
0.004970314335
0.003906744101
0.002766838855
0.01026600034
0.01005411102
0.01029654381
0.01032045037
0.009564547947
0.005051736792
0.008848938462
0.005651763315
0.008158291172
0.006771615631
0.007512748151
1.883566062e-33
0.003858507669
0.001461408094
0.002753022144
0.004839575748
0.005713034869
0.006711909853
0.007590204489
0.009773410503
0.009407646886
0.008335330795
0.008953291116
0.009984917985
0.01022563185
0.001437602116
1.515885631e-33
0.001494549302
0.004829904645
0.004539871711
0.003867073633
0.00342694148
0.002661176135
0.001352910855
0.01014051303
0.009864574308
0.01007372271
0.009518336662
0.008956637716
0.004419530781
0.003060076701
0.008189173345
0.00545029363
0.007161561881
0.006358188233
1.980506517e-33
0.003742368343
0.001504667776
0.005469977152
0.004534295066
0.006574562779
0.00753418206
0.009495286806
0.009032990908
0.008364743474
0.009903203425
0.009678076482
1.660158371e-33
0.003733765535
0.002615926202
0.001860397408
0.001607793858
0.001466118628
1.781154647e-33
0.009832524625
0.00945725575
0.009675192187
0.008858418195
0.00812739588
0.003642716454
0.00194448872
0.007169877539
0.005272403612
0.005874942785
2.040794479e-33
0.0034260232
0.00186100059
0.005058800688
0.006330687895
0.007169870242
0.008984882128
0.008233871746
0.009383183207
0.008675845671
0.00149853536
2.128215641e-33
2.039417884e-33
2.180126703e-33
1.972462615e-33
1.889637331e-33
0.009290769549
0.008790185637
0.003977200682
0.008991219498
0.007973773095
0.007333233454
0.001835379409
2.251490652e-33
0.006586711949
0.005520801392
0.004278984395
2.126611159e-33
0.003051251181
0.00160654058
0.00442752601
0.005915098541
0.005876020637
0.007419054453
0.008010926969
0.008548842641
0.007958617071
0.008481669871
0.002089819399
0.008013496878
0.0068837718
0.006166460284
2.265282235e-33
0.005063680123
0.002320820688
0.003785375758
2.136160216e-33
0.002533613328
0.004497087166
0.005758827358
0.007674133174
0.007000701743
0.00739330187
0.006605601709
0.006935215698
0.004510397762
0.005640989478
2.328108434e-33
0.003193304645
0.001691816305
2.176404436e-33
0.002648597015
0.004020374349
0.005240482514
0.00632104174
0.004840653454
0.006045458192
0.005596705096
0.003218815679
0.004074641841
2.385233888e-33
0.001714484146
2.284770951e-33
0.001896844145
0.004007917812
0.003970907964
0.004357330896
0.002668211677
0.003570791385
2.380320275e-33
0.002170287638
2.374589147e-33
2.41634631e-33
2.316803566e-33
0.002179373534
0.002376676185
2.379858667e-33
0.002037732508
2.343037787e-33
2.378168352e-33
