7.980651811e-33
6.620089088e-33
6.762473107e-33
0.006196318504
5.510598979e-33
6.059748768e-33
4.356361343e-33
2.83272593e-33
5.165230459e-33
5.901567454e-33
0.009385409751
0.007465024499
0.008506547369
0.009758348863
0.004838647383
0.006893239021
0.005325309002
0.002879809498
0.002258448573
8.435722711e-34
3.309797227e-33
0.004141180157
0.01033426176
0.01007835741
-2.633348437e-33
-9.675899508e-34
1.722647744e-33
0.008357199419
0.0086082267
0.009342170868
0.005624968068
0.006237073259
0.002886129526
0.0004334883121
0.002495653911
0.008485170859
0.009102776603
0.008863900308
-0.003231507209
-0.001461710926
-3.638264777e-33
4.974675511e-34
0.0004550983222
-2.412513079e-33
-4.893032772e-33
0.007282205875
0.006846968803
0.00678851222
0.002568429659
0.004525448529
-6.89012987e-05
0.001519454856
0.006792194094
0.006981090863
0.00629331883
-0.002904187822
-0.00558877689
-0.006086781122
-0.0009232528465
-0.001718562807
-3.519030698e-33
-0.006846237
-5.862950617e-33
-7.91589948e-33
-6.75864493e-33
0.004440581199
0.003706192659
0.004332229335
-0.002324366407
-0.001062709385
0.001185869772
-0.002028149128
0.00467203204
0.003546226075
-0.008630011822
-0.006840356185
-0.00388269225
-0.003967927393
-4.883287749e-33
-0.008527178085
-0.006146043551
-6.620892211e-33
0.0005508502243
0.001127064214
0.0001292389662
0.002300499438
-0.004284860022
-0.003052360521
-0.005586241889
0.002696880929
0.0008940184419
-0.01009981392
-0.008877107536
-0.007014314407
-0.006739760555
-0.00557276849
-6.18069977e-33
-0.00971159784
-0.00748144519
-6.055274021e-33
-7.607114294e-33
-0.01020728029
-0.002857188226
-0.0006095183817
-0.001337919599
-0.003915365538
0.00117830824
-0.006675823575
-0.008702935334
0.0009676711694
-0.0005260272773
-0.009076099346
-0.006266002361
-0.007972654908
-0.005906297294
-0.008371144097
-0.009374016813
-0.005320524289
-5.111287797e-33
-7.772892023e-33
-0.008475986166
-0.006832524979
0.0003777203884
-0.003560162395
-0.001016865783
-0.002561374719
-0.004672159052
-0.008589751196
-0.009821367269
-0.009716279071
-6.733335567e-05
-0.0007617862576
-0.006779868928
-0.006035010076
-0.006277708285
-0.007290956381
-0.006782841661
-0.004093133277
-3.486447977e-33
-7.11144556e-33
-0.006352760215
-0.0003059032349
-0.009156990029
-0.003030630432
-0.001011193263
-0.001554756652
-0.002264071668
-0.004316962765
-0.01031183646
-0.008541262934
2.95312619e-05
0.0008526482108
-0.007010406241
-0.003663204219
-0.004495896986
-0.00443020108
-1.4946381e-33
-6.193093293e-33
-0.005203820631
0.0009486839712
-0.009821045948
-0.001368002505
-0.007166799784
-0.002781936952
0.001955167056
9.125737788e-05
0.0006218537169
-0.001114556334
-0.008587202409
0.002548999158
-0.008378273343
-0.005639962589
-0.001510968508
-0.0002245252729
0.001401965092
-2.424675347e-34
-5.401947535e-33
-0.004138012164
0.0008764873232
-0.006132699538
2.395727807e-33
-3.54970592e-33
-0.0003868305686
0.003219966917
0.004013950153
0.003574814557
0.002856166045
-0.006411204973
-0.005766403087
0.002018684596
0.003763267393
0.001706605713
-0.002374500241
0.003874240282
-0.004248305956
3.513251371e-33
-0.002281019682
-2.675556706e-33
0.003580505793
0.0007161897101
0.006173304695
0.006388599153
0.006149409912
0.006637476594
-0.002094257576
-0.003408894482
0.005578008581
0.00396970684
0.006773748354
4.874525463e-33
-0.0008270622975
-1.065228721e-33
0.005127140379
0.007111825137
0.002127744218
0.008570402423
0.008622877317
0.009012692517
-0.0001574684497
0.005547904
0.00836775613
6.162990327e-33
0.0007273127844
9.367546528e-34
0.007994693181
0.005765972211
0.009597791948
0.003143100326
0.01018128156
0.009310479448
0.005922435532
7.62789995e-33
1.93662036e-33
0.008969541252
0.004846382895
0.009922256178
0.006093440531
7.848148639e-33
4.428772183e-33
0.006900463628
0.005851884708
5.410709546e-33
6.930442042e-33
6.309663602e-33
