4.439338201e-33
4.344616847e-33
4.002171149e-33
4.38377971e-33
4.22495439e-33
4.342264114e-33
0.0042651808
0.003206913121
4.287739774e-33
0.003879539779
0.006898301104
3.661731284e-33
3.225281852e-33
0.003285854317
0.004211801895
0.003877918402
0.006956287658
0.00629444278
3.10632116e-33
2.37238337e-33
0.002161689877
1.125929996e-33
0.001036783146
0.002216017404
2.11477203e-33
1.500918225e-33
0.006645353568
3.942347834e-33
0.003255475425
0.008868411737
0.009795502611
6.195384056e-34
-4.7518868e-36
0.004202080245
0.00655971851
0.007184239148
0.008708087138
0.00831610921
0.009857643472
0.003545581282
0.005127453076
0.003996439087
0.000666441197
0.001531205116
0.002101600407
3.677245044e-33
0.008744870013
0.006178299524
0.003535944784
0.009605350362
0.01031299132
-6.214559294e-34
-1.122458552e-33
-3.685403562e-06
0.00631284242
0.007568339435
0.00867225655
0.009734700583
0.0094974605
0.01029487337
0.003830173458
0.005343720211
0.005466607383
0.0007800000687
-9.652535459e-06
0.002375477885
0.01036621069
3.36864079e-33
0.003214754053
0.009036538218
0.007713309133
0.005790976064
0.009821405769
0.01011066938
-1.494408968e-33
-2.080034826e-33
-0.0006657205231
-0.001031997756
-0.0007878060652
0.007515547169
0.008529593605
0.009286155278
0.01002293372
0.01024091482
-0.0006275692951
0.003081377886
0.005061640294
0.006723627497
0.0007955639124
0.001974237203
0.01007434868
0.009953807003
-0.002178545024
-2.676034205e-33
0.009055220067
0.004614031388
2.872302242e-33
0.003416235735
0.008114016707
0.006810934238
0.009385160649
0.009421854052
-0.002093913162
-0.001518239644
-0.001786623043
0.007989465985
0.008734155288
0.009356779256
0.009914274818
0.007147146669
-0.0001494288118
-0.001578480828
0.003986957805
0.006106561348
0.0005641945225
0.002590165077
0.009394474725
0.009410742419
0.009163322941
-0.003778372799
-0.002003368341
-2.851585345e-33
-3.425179354e-33
0.008356664391
0.005199024913
0.002009101638
2.684796633e-33
0.004525749566
0.006937783187
0.008079034303
0.008301340592
0.008327117571
-0.003299258582
-0.003036047764
-0.004829544587
0.008313986595
0.008963114552
0.006837558118
-0.001032258614
-0.002713427383
0.004757299268
0.005371062824
0.0006848385983
0.002553487424
0.008747015633
0.008533041691
0.008475670153
0.007799688833
-0.005748140071
-0.004340342027
-3.631385811e-33
-0.004037297962
-0.003225244868
0.00730476755
0.005604042445
2.107365433e-33
0.002207941764
0.003280595091
0.005242251082
0.004146422368
0.00611668695
0.00666737204
0.006929034287
0.006897897041
-0.004489477814
-0.005819239195
0.006288659914
0.007798142211
0.007679056046
-0.0007227541164
-0.004345711705
-0.002527911818
0.00367299125
0.00462458326
0.0007871531736
0.002244499239
0.007365353965
0.007567064952
0.007286856319
0.006731753168
-0.006773628561
-0.006749569737
-0.00341872351
-3.764043697e-33
-0.005912302902
-0.007410908944
-4.209073648e-33
-4.392818882e-33
-4.362425054e-33
0.005727058781
1.502801428e-33
0.002102110148
0.002781623323
0.004393369868
0.003271823543
0.004680646591
0.004423058057
0.005396461724
0.005453299489
-0.005932917191
-0.007321932074
0.006005518254
0.005982594392
0.004585197216
-0.001109555395
-0.004239208521
-0.002981510143
0.00280020122
0.000124075036
0.005246666103
0.006427028658
0.006540674522
0.00590315348
-0.008277203351
-0.005326930373
-0.003194330418
-0.007088619751
-0.008599591744
-0.003896025378
-4.389096732e-33
-0.004220486352
-4.336959546e-33
0.004574998459
0.001038512587
1.135137039e-33
0.001534061122
0.002222348603
0.001582125229
0.003322132227
0.003019527638
0.002621253813
0.003567250751
0.003318788601
0.003311937866
-0.005891195332
-0.008428449034
-0.007671745936
0.004399276376
0.005035722041
0.002694424843
0.002778439612
-0.001802422871
-0.004775762988
-0.003319402199
0.0005424682751
-0.001355334147
0.004381141169
0.005341282952
0.005207618634
0.004890703676
-0.00937082985
-0.007081811186
-0.006875741118
-0.008064511916
-0.009246662172
-0.009861187966
-0.007288400856
-0.004216910218
-0.003873084694
-4.249657011e-33
0.000677561317
0.001263685343
0.001617892094
5.705011613e-34
0.0008187529393
0.001992055175
0.001120083391
0.000526865984
0.001598801919
0.0007472979829
0.001292761903
0.001791444384
0.002043170348
0.002973993388
-0.006417356981
-0.008571312846
0.004033811562
0.003626002078
0.001903413711
0.0009042335486
-0.003322004473
-0.004682830741
-0.0009026452188
-0.002683656219
0.002951663746
0.003986088857
0.003966307912
0.003064147037
-0.009750552842
-0.009077459189
-0.01006709763
-0.00874124537
-0.01024475345
-0.006089882539
-0.007394082702
-0.003226108092
-3.80550025e-33
-3.658068938e-33
-0.006724297498
0.0002349464696
-0.0002364451729
0.0001972425547
2.986503133e-37
3.561688253e-07
0.0002772450466
-0.00033196941
-0.0006722090311
-0.000800110987
-0.001136322397
-0.0006590662072
-7.512164103e-05
0.0004289048156
0.001275409299
-0.00661316354
-0.007708948498
-0.008903960643
0.002527944688
0.001183068191
0.0004895615202
-0.004387308428
-0.005969509387
-0.002775753489
-0.001433496041
0.002730650811
0.001451021527
0.002833134278
0.002148064445
0.001656629446
-0.009765666003
-0.009859092855
-0.01038247647
-0.009253471731
-0.01028406901
-0.008220926842
-0.004926019371
-3.338103433e-33
-0.002543350717
-0.007751124396
-0.0002344781344
-0.001726758846
-0.001992803894
-5.694916162e-34
-0.0008180217219
-0.001388666429
-0.001740488021
-0.001809446617
-0.002602598359
-0.002939970215
-0.002592963404
-0.001840347629
-0.00112469256
-0.0002166318648
0.0002319082877
-0.007364653547
-0.00854844383
0.001012372302
-0.0001386724972
-0.0003972854291
-0.005738983746
-0.004301634647
-0.00273531717
-0.001567063164
0.001818574208
0.0005425987377
0.001541743518
0.001322357372
0.000789842224
-0.009406840565
-0.01033485422
-0.009752710489
-0.009926873839
-0.0101077436
-0.0090606308
-0.008201992807
-3.097356412e-33
-0.005822791939
-0.002155491684
-0.003336459143
-0.007209036034
-0.0006764219863
-0.003186906938
-0.003830801798
-0.004305085858
-1.132717288e-33
-0.001530765438
-0.00307440413
-0.002843699254
-0.004233964136
-0.004413831428
-0.002570950352
-0.003518612623
-0.001591220621
-0.0009198075993
-0.0003577694656
-0.006932630185
-0.008032378326
-0.005858183828
0.0001323861178
-0.001344208611
-0.004584212836
-0.002548961384
0.0007517491614
6.814883016e-05
0.0007135446566
0.000269821247
-0.007240572377
-0.008687304055
-0.009844861431
-0.00926185076
-0.009515959159
-0.009012414255
-0.007912728369
-2.361465812e-33
-0.003522141031
-0.005050760992
-0.005997667387
-0.001035935949
-0.005021361539
-0.005586260845
-0.005361653609
-0.006076331351
-1.498823847e-33
-0.00209569424
-0.004333408929
-0.004046453645
-0.003294974972
-0.005649590544
-0.006016518486
-0.00283128254
-0.00496908695
-0.003885410814
-0.001882636893
-0.001092893331
-0.000494360647
-0.006190524705
-0.004666386859
-0.0003669021626
-0.0009438949101
-0.001900840886
-0.003506598488
0.0002249018487
-0.0001291070807
6.051813644e-05
-0.0002506828051
-0.006051611965
-0.008135310017
-0.00706535853
-0.008910372421
-0.008695928405
-0.008009888986
-0.007159788522
-0.006149592578
-0.004936138808
-0.002212691672
-2.111318019e-33
-0.004006986602
-0.006710964614
-0.006898847445
-0.006938461096
-0.007628249628
-2.097500388e-33
-0.002197469073
-0.005405024056
-0.004691479926
-0.006596663163
-0.003271669077
-0.00785080213
-0.006803877244
-0.004585059253
-0.005801662009
-0.001283048314
-0.002196119686
-0.0005622877612
-0.004789298754
-0.003846773916
-0.0008359512914
-0.00171648977
-0.00254400142
-5.517614633e-06
-0.0001343985258
-0.0001249670315
-0.0004918243582
-0.004980071013
-0.006010995451
-0.00695986877
-0.007644300119
-0.006790433293
-1.498318581e-33
-0.005715942345
-0.004371756062
-0.004648538072
-0.003844163805
-0.002090816605
-0.001036428058
-0.007987736091
-0.007884767208
-0.008782014419
-0.008663346702
-2.710661118e-33
-0.002029635198
-0.005968117612
-0.004591995019
-0.007187614407
-0.002519337399
-0.009426005528
-0.003384403551
-0.004684745931
-0.008430772763
-0.007275061938
-0.006338079668
-0.001460040486
-0.0002969889147
-0.003885042987
-0.002837209868
-0.001099603975
-0.001883672072
0.0001874598371
0.0002633080123
0.0002032048279
-4.127314562e-05
-0.003155423779
-0.004292385754
-0.005389013172
-0.006031420577
-0.004875104974
-0.004816708871
-1.135219967e-33
-0.003876680657
-0.002624450316
-0.003206453431
-0.003096292968
-0.001539005298
-0.0006794257637
-0.008261003349
-0.008799335087
-0.009512450603
-0.009619774461
-2.958157745e-33
-0.002730756818
-0.005738177024
-0.003343975085
-0.006928549962
-0.001892141196
-0.003155568299
-0.01027169641
-0.009865408201
-0.00409197242
-0.005146344557
-0.006303853333
-0.008648532405
-0.007411474809
-0.0005590183245
0.0006788175892
0.0005285686648
-0.001357058505
-0.001984958219
-0.0005912155712
0.0004508573414
0.0007967006551
0.000745912966
0.0007354939425
-0.001526584145
-0.002111504083
-0.003664684536
-0.003621929679
-0.002245650993
-0.002592745018
-5.722367206e-34
-0.001929823141
-0.001849285272
-0.00197338134
-0.0008236594155
-0.0002358347611
-0.008118946263
-0.009414557269
-0.01000777424
-3.243980198e-33
-0.003680182329
-0.0007795067585
-0.006926478848
-0.002000395435
-0.01029255055
-0.00908230225
-0.01038003994
-0.009939530688
-0.004037845983
-0.005046841188
-0.006500782283
-0.007881055257
0.0002953160463
0.001663320847
0.001453713822
0.001488849242
-1.448315552e-06
0.0006899344123
0.001636790053
0.001655866348
-0.0005736878024
0.0003528434274
-0.0008378022739
-0.0009450378227
0.0001173711678
2.684036626e-05
-2.668901771e-36
-0.0005656905292
-0.0007935609205
6.933453629e-05
2.989014673e-06
0.0002316493552
-0.008983803983
-0.002607419328
-0.00955821665
-3.713455839e-33
-0.003620101868
-0.000493161046
-0.006043221189
-0.007842223016
-0.009487308654
-0.001345769815
-0.0102608793
-0.009377390794
-0.01023043331
-0.003227274221
-0.005266305883
-0.007984157311
-0.006705242479
0.001450698581
0.002827786225
0.002729085364
0.002450582943
0.001600538735
0.001434861875
0.002371856849
0.002753075988
0.0005359757105
0.001769713919
0.001752201656
0.001892910578
0.001997679281
0.001624901902
0.001045612184
5.658482159e-34
0.00111136678
0.0006300182189
0.0008023595582
0.0006736015206
-0.008392088121
-0.009744206046
-4.021007809e-33
-0.00322301362
0.0005586943921
-0.003875295932
-0.006470296019
-0.009013008535
-0.006852934619
-0.0007206543479
-0.009823331398
-0.008423178041
-0.00923377251
-0.009361856124
-0.002126845871
-0.004453490636
-0.005895691098
-0.007182934275
0.002805037009
0.003585249021
0.004236659815
0.004069193105
0.00280293831
0.003578334496
0.004064425724
0.003946612128
0.00309014919
0.003759242815
0.004152014589
0.003307820851
0.002704938061
0.002561567018
1.130083248e-33
0.00222462673
0.001035010514
0.00153378958
-0.009044021305
-4.245704535e-33
0.001768692908
-4.340140465e-33
-0.00428704535
-0.004206789385
-0.007643022701
-0.007148775495
0.0005326480884
-0.008646454047
-0.00773225215
-0.008422404822
-0.00834176145
-0.007824952992
-0.003421563481
-0.0008330870978
-0.004635752967
-0.006113193221
0.003410398159
0.004326650427
0.005171455723
0.00556600348
0.005478567892
0.004882733962
0.005487472827
0.005775133431
0.005680375146
0.0056505292
0.003199161275
0.005164545892
0.004355305573
0.004011332281
1.49696231e-33
0.003224982862
0.00209129842
0.002346974489
-4.378562644e-33
-4.462095643e-33
-4.320234278e-33
-0.006834189488
-0.003858090672
-0.005671981997
0.00120406681
-0.006751426184
-0.006930408168
-0.007381165804
-0.006990719891
-0.006559153271
-0.002246951386
-0.0001717342903
-0.003617449353
-0.004817262685
0.003360203455
0.005061223777
0.005853366571
0.006387742627
0.006907359812
0.006881911479
0.006600832995
0.00740662469
0.006964724531
0.006894614236
0.004222007763
0.005919449197
0.00554165688
0.003730580052
2.120660077e-33
0.002222832665
-4.195801278e-33
-0.005070243115
-0.003184672527
0.001882752841
-0.005149235587
-0.003541546694
0.008282682533
-0.005709865831
-0.005039478089
-0.006153412464
-0.005996381602
-0.001554734446
0.0005054891151
-0.002826168808
-0.004045869142
0.004080120425
0.006595393317
0.007329284858
0.008185130586
0.008173769336
0.008209150788
0.008429020695
0.00796090665
0.007302523878
0.005239241051
0.006779826147
0.004177179666
2.640254818e-33
0.001973856942
-3.781788516e-33
0.002499724738
-3.634445725e-33
-3.332207583e-33
-0.00308186669
-0.003578684912
0.009228531887
-0.004752853827
-0.004227273301
-0.004902410714
-0.0008268188083
0.001918645517
-0.003206991128
-0.001977792739
0.003834436373
0.006157091268
0.00554223186
0.007884248678
0.008859043659
0.008059772956
0.009474766315
0.009253540054
0.009120441558
0.008466731658
0.007601055449
0.006258802326
0.003986298346
2.823519344e-33
-2.91838922e-33
-0.001972758136
0.009996888115
-0.003705577568
-0.002211311316
-0.003515556406
-0.0001518205653
0.001622413372
0.00329652186
-0.002661051377
-0.001536826288
0.004724372313
0.007541258076
0.005803156019
0.009682854272
0.008686875688
0.009326747747
0.01014751526
0.008438019887
0.009958326718
0.009351191589
0.007439529054
0.005532950423
3.395958105e-33
0.003197729108
0.003408237678
-2.63829481e-33
0.01036030596
-2.110082199e-33
-0.002611734929
-0.002091725176
5.453168797e-05
0.001436752233
0.002908339679
0.004508182912
-0.0004671193925
-0.001531512353
0.005770792689
0.007995624882
0.006962536812
0.01004180985
0.008904097443
0.009686332787
0.01038972043
0.009097927551
0.009908006907
0.006969862306
0.008016075013
3.655853004e-33
0.003526066086
0.01007027094
0.004846037832
-1.495414581e-33
-0.001526713613
-0.001033417719
0.0007650622684
0.001746508482
0.002902548804
0.003550871047
9.602967025e-07
-0.0007973445188
0.005985207752
0.007743227446
0.008334979862
0.01004727339
0.009368506467
0.009849608378
0.009184929299
0.006850137356
0.003214703124
4.030881487e-33
0.00905768782
0.003996561677
-1.126445468e-33
-0.0006699717332
0.002216497659
0.001530331321
0.0007931791
0.002099217943
-4.646938254e-08
0.005495626712
0.003963040471
0.00655273895
0.006769969726
0.008682781082
0.008196307602
0.009279961993
0.007014940173
0.003868261699
4.234819011e-33
0.00702202819
0.001973810055
2.639892641e-33
-6.241382989e-34
2.115126157e-33
2.809758083e-33
-5.991671232e-38
0.001036243484
0.00066980616
1.499871377e-33
6.239513911e-34
0.004482646676
3.266626183e-33
0.004913287241
0.006102033315
0.003228831052
0.006923058447
0.007212558424
0.004234005359
4.331791579e-33
3.558918099e-33
1.128063024e-33
0.002474043746
3.8013237e-33
0.003868214329
4.253073926e-33
0.004278846868
4.406890018e-33
4.332205757e-33
4.453562514e-33
